86.69764921,0.016666666666666666
87.39456662,0.03333333333333333
86.04924158,0.05
85.91394895,0.06666666666666667
84.80803611,0.08333333333333333
84.55176585,0.1
84.96968281,0.11666666666666667
84.97732611,0.13333333333333333
84.86731689,0.15
84.50763553,0.16666666666666666
85.27066621,0.18333333333333332
86.11145881,0.2
86.13057544,0.21666666666666667
86.41789555,0.23333333333333334
85.84993675,0.25
85.99022161,0.26666666666666666
86.45190744,0.2833333333333333
85.79321403,0.3
86.70427125,0.31666666666666665
86.28580056,0.3333333333333333
87.02742734,0.35
86.95683454,0.36666666666666664
87.87144102,0.38333333333333336
87.09889216,0.4
88.57936376,0.4166666666666667
87.76341588,0.43333333333333335
88.47731822,0.45
88.60520181,0.4666666666666667
89.47535483,0.48333333333333334
88.94273639,0.5
88.65005796,0.5166666666666667
88.1338641,0.5333333333333333
88.63587593,0.55
89.47074479,0.5666666666666667
90.79931068,0.5833333333333334
93.87812818,0.6
95.73223584,0.6166666666666667
98.74377011,0.6333333333333333
102.1591801,0.65
105.2088378,0.6666666666666666
108.1384302,0.6833333333333333
111.4991632,0.7
114.4177561,0.7166666666666667
118.8460475,0.7333333333333333
122.4098266,0.75
126.460874,0.7666666666666667
129.3610071,0.7833333333333333
132.8417293,0.8
135.4769308,0.8166666666666667
139.1145134,0.8333333333333334
141.0748965,0.85
142.6593373,0.8666666666666667
145.198731,0.8833333333333333
147.1089712,0.9
147.7484027,0.9166666666666666
148.0238814,0.9333333333333333
148.626762,0.95
148.7231491,0.9666666666666667
148.801292,0.9833333333333333
148.2291452,1.0
147.3948002,1.0166666666666666
147.449348,1.0333333333333334
145.1424623,1.05
143.6628146,1.0666666666666667
140.7834653,1.0833333333333333
138.9476581,1.1
137.1201685,1.1166666666666667
134.4309082,1.1333333333333333
131.9485799,1.15
129.2512941,1.1666666666666667
126.6466074,1.1833333333333333
124.571843,1.2
122.5889776,1.2166666666666666
120.2313745,1.2333333333333334
117.8186144,1.25
116.0194504,1.2666666666666666
114.1931669,1.2833333333333334
113.5651792,1.3
112.6065738,1.3166666666666667
112.1406902,1.3333333333333333
111.3917039,1.35
111.1652549,1.3666666666666667
111.0684016,1.3833333333333333
108.6646983,1.4
109.6714309,1.4166666666666667
110.8376168,1.4333333333333333
111.3499936,1.45
111.0239097,1.4666666666666666
111.2032484,1.4833333333333334
111.2163383,1.5
113.2710571,1.5166666666666666
112.1936355,1.5333333333333334
112.8591405,1.55
115.1236684,1.5666666666666667
116.0121422,1.5833333333333333
116.5122648,1.6
117.245565,1.6166666666666667
119.0120026,1.6333333333333333
120.5464102,1.65
121.99982,1.6666666666666667
122.8489693,1.6833333333333333
124.45733,1.7
125.7166349,1.7166666666666666
127.4122691,1.7333333333333334
128.0868978,1.75
130.3818748,1.7666666666666666
132.0399996,1.7833333333333334
133.024667,1.8
132.604192,1.8166666666666667
134.4143025,1.8333333333333333
135.0545932,1.85
134.7743665,1.8666666666666667
135.091445,1.8833333333333333
135.223917,1.9
134.3475649,1.9166666666666667
134.8900546,1.9333333333333333
133.765713,1.95
132.9246289,1.9666666666666666
132.8307524,1.9833333333333334
131.210851,2.0
130.3341258,2.0166666666666666
130.5794514,2.033333333333333
129.085399,2.05
128.4432263,2.066666666666667
127.3458481,2.0833333333333335
127.6087853,2.1
126.7744748,2.1166666666666667
124.5266278,2.1333333333333333
123.9521531,2.15
123.6834441,2.1666666666666665
121.0152223,2.183333333333333
120.0204246,2.2
120.2633462,2.216666666666667
119.9748316,2.2333333333333334
119.0386208,2.25
119.9425355,2.2666666666666666
119.287661,2.283333333333333
119.4447886,2.3
119.7551796,2.316666666666667
120.7462975,2.3333333333333335
121.1081191,2.35
119.9928791,2.3666666666666667
120.051241,2.3833333333333333
119.8917677,2.4
119.2436235,2.4166666666666665
120.1971861,2.433333333333333
120.1666901,2.45
119.9411635,2.466666666666667
119.7318503,2.4833333333333334
120.0415318,2.5
120.614555,2.5166666666666666
120.3853157,2.533333333333333
120.4039899,2.55
120.585441,2.566666666666667
120.5867068,2.5833333333333335
120.1120273,2.6
120.2286311,2.6166666666666667
120.4678174,2.6333333333333333
119.2665401,2.65
119.0703083,2.6666666666666665
118.9996439,2.683333333333333
117.468347,2.7
118.283987,2.716666666666667
117.3592889,2.7333333333333334
115.9622548,2.75
115.9790961,2.7666666666666666
116.1236655,2.783333333333333
117.2621747,2.8
117.1728813,2.816666666666667
117.055223,2.8333333333333335
118.2020692,2.85
118.2176076,2.8666666666666667
119.3342313,2.8833333333333333
119.6691441,2.9
121.4558127,2.9166666666666665
121.8614699,2.933333333333333
123.3725802,2.95
124.8130341,2.966666666666667
125.6984596,2.9833333333333334
126.378761,3.0
127.489389,3.0166666666666666
128.2557403,3.033333333333333
128.6174779,3.05
129.1660958,3.066666666666667
129.0254499,3.0833333333333335
128.6072038,3.1
128.9597336,3.1166666666666667
128.8572227,3.1333333333333333
128.3320799,3.15
127.831708,3.1666666666666665
127.6180176,3.183333333333333
127.1628329,3.2
126.5057085,3.216666666666667
126.1306068,3.2333333333333334
126.2038081,3.25
126.2107395,3.2666666666666666
125.7392223,3.283333333333333
125.4799169,3.3
126.6601506,3.316666666666667
127.3644211,3.3333333333333335
127.121903,3.35
127.4664109,3.3666666666666667
128.8228411,3.3833333333333333
130.0239292,3.4
129.8208313,3.4166666666666665
129.6361437,3.433333333333333
131.3923084,3.45
132.7178422,3.466666666666667
132.8415202,3.4833333333333334
134.1225794,3.5
133.6966498,3.5166666666666666
134.5534086,3.533333333333333
134.3358673,3.55
135.3612841,3.566666666666667
135.51513,3.5833333333333335
134.3412984,3.6
134.3109051,3.6166666666666667
134.5303296,3.6333333333333333
134.4276706,3.65
134.5769051,3.6666666666666665
134.4790531,3.683333333333333
133.7426226,3.7
133.4409538,3.716666666666667
133.0628199,3.7333333333333334
132.0543292,3.75
132.4619868,3.7666666666666666
132.03341,3.783333333333333
130.2119191,3.8
128.8378308,3.816666666666667
128.9485185,3.8333333333333335
128.4324266,3.85
127.7635236,3.8666666666666667
126.4469088,3.8833333333333333
126.3254164,3.9
125.1615999,3.9166666666666665
124.2589851,3.933333333333333
122.4761818,3.95
122.0097241,3.966666666666667
120.5457773,3.9833333333333334
118.8542877,4.0
117.5643854,4.016666666666667
116.9577645,4.033333333333333
114.3472126,4.05
113.0171081,4.066666666666666
113.3019599,4.083333333333333
112.6912657,4.1
112.0075701,4.116666666666666
112.0866788,4.133333333333334
111.6803273,4.15
112.912472,4.166666666666667
113.0706435,4.183333333333334
113.6774963,4.2
113.4276852,4.216666666666667
114.939098,4.233333333333333
114.7489808,4.25
115.4701402,4.266666666666667
117.0888712,4.283333333333333
116.9589285,4.3
118.9869683,4.316666666666666
119.5404485,4.333333333333333
120.8197041,4.35
121.851143,4.366666666666666
122.5546449,4.383333333333334
124.2631921,4.4
125.5666028,4.416666666666667
126.4029124,4.433333333333334
126.899601,4.45
128.6385503,4.466666666666667
129.9708269,4.483333333333333
131.1989205,4.5
132.0322595,4.516666666666667
133.5686502,4.533333333333333
134.1550653,4.55
134.0376532,4.566666666666666
134.0199989,4.583333333333333
133.4758571,4.6
133.0761993,4.616666666666666
133.1439309,4.633333333333334
133.3938226,4.65
133.5015638,4.666666666666667
133.4377142,4.683333333333334
133.6187019,4.7
132.6828175,4.716666666666667
131.5966574,4.733333333333333
130.5889788,4.75
129.5735982,4.766666666666667
129.4193706,4.783333333333333
129.0929449,4.8
127.7575442,4.816666666666666
127.6287186,4.833333333333333
126.5043436,4.85
126.5109584,4.866666666666666
124.5567014,4.883333333333334
123.882614,4.9
122.874976,4.916666666666667
122.463543,4.933333333333334
121.8952949,4.95
120.3231719,4.966666666666667
120.3909074,4.983333333333333
120.5736264,5.0
120.2579649,5.016666666666667
120.2556435,5.033333333333333
119.8088034,5.05
120.362843,5.066666666666666
120.4063109,5.083333333333333
120.7360666,5.1
121.4342033,5.116666666666666
121.6403723,5.133333333333334
122.3060737,5.15
122.4687039,5.166666666666667
123.3455312,5.183333333333334
124.1701091,5.2
125.6114671,5.216666666666667
126.2309032,5.233333333333333
126.8397686,5.25
127.7966721,5.266666666666667
128.5332904,5.283333333333333
128.9543881,5.3
128.4790848,5.316666666666666
129.4359257,5.333333333333333
129.8856706,5.35
128.5471298,5.366666666666666
129.1226039,5.383333333333334
129.2895427,5.4
129.0972418,5.416666666666667
129.5629118,5.433333333333334
129.1532056,5.45
129.5390241,5.466666666666667
129.0700975,5.483333333333333
128.4952314,5.5
127.6546316,5.516666666666667
127.7803078,5.533333333333333
127.759957,5.55
128.0017348,5.566666666666666
127.9462502,5.583333333333333
128.511902,5.6
128.8244135,5.616666666666666
128.8554408,5.633333333333334
128.8985214,5.65
128.6140183,5.666666666666667
129.7279143,5.683333333333334
129.2160836,5.7
129.136752,5.716666666666667
129.2505606,5.733333333333333
128.8445394,5.75
128.219142,5.766666666666667
127.6820127,5.783333333333333
128.0436876,5.8
127.0358413,5.816666666666666
125.5135412,5.833333333333333
125.4276925,5.85
125.1718999,5.866666666666666
124.4956072,5.883333333333334
124.3960209,5.9
123.9984403,5.916666666666667
124.1857812,5.933333333333334
123.8050751,5.95
124.1411837,5.966666666666667
121.8980346,5.983333333333333
122.1496378,6.0
121.8931875,6.016666666666667
121.8627344,6.033333333333333
122.0856882,6.05
122.9150906,6.066666666666666
123.7189035,6.083333333333333
123.280485,6.1
124.1633774,6.116666666666666
124.5523902,6.133333333333334
124.894087,6.15
125.575849,6.166666666666667
124.6446045,6.183333333333334
124.9281467,6.2
125.1696928,6.216666666666667
125.5127006,6.233333333333333
125.4084625,6.25
125.9758944,6.266666666666667
125.9474287,6.283333333333333
125.9788354,6.3
126.0799833,6.316666666666666
127.6373214,6.333333333333333
127.1564311,6.35
126.9126169,6.366666666666666
126.2280677,6.383333333333334
125.8658097,6.4
125.3403671,6.416666666666667
125.5244689,6.433333333333334
125.5362371,6.45
124.7654092,6.466666666666667
124.7330275,6.483333333333333
124.3477497,6.5
123.6850224,6.516666666666667
124.4162122,6.533333333333333
123.9416331,6.55
123.5091844,6.566666666666666
123.3051145,6.583333333333333
124.1106798,6.6
123.9849751,6.616666666666666
123.5066588,6.633333333333334
124.2551988,6.65
124.3657333,6.666666666666667
124.9179499,6.683333333333334
125.0033061,6.7
125.8009943,6.716666666666667
126.1682057,6.733333333333333
126.6183658,6.75
126.2993734,6.766666666666667
126.5106434,6.783333333333333
128.0183063,6.8
128.4092541,6.816666666666666
128.1446841,6.833333333333333
127.984324,6.85
127.9062873,6.866666666666666
126.8627572,6.883333333333334
126.0411215,6.9
128.056483,6.916666666666667
127.5297834,6.933333333333334
126.0749418,6.95
126.9526083,6.966666666666667
127.1688148,6.983333333333333
127.0240862,7.0
126.7124322,7.016666666666667
125.5610341,7.033333333333333
125.4157132,7.05
125.5863559,7.066666666666666
125.9305171,7.083333333333333
126.1021444,7.1
125.8162267,7.116666666666666
125.7972124,7.133333333333334
127.597035,7.15
127.1674505,7.166666666666667
126.4222332,7.183333333333334
127.7430677,7.2
127.3212936,7.216666666666667
128.2266924,7.233333333333333
128.416489,7.25
128.158737,7.266666666666667
127.7170515,7.283333333333333
127.2026072,7.3
125.8217944,7.316666666666666
127.5273703,7.333333333333333
127.8880362,7.35
127.8049591,7.366666666666666
127.0690072,7.383333333333334
127.0253457,7.4
127.1217981,7.416666666666667
127.7048824,7.433333333333334
127.113507,7.45
127.741599,7.466666666666667
128.3421463,7.483333333333333
128.9725207,7.5
128.701346,7.516666666666667
128.9963129,7.533333333333333
128.3817822,7.55
129.0986042,7.566666666666666
128.2836341,7.583333333333333
127.9463551,7.6
128.3355402,7.616666666666666
127.9725768,7.633333333333334
128.1958612,7.65
128.053861,7.666666666666667
127.1618884,7.683333333333334
126.9824174,7.7
126.980948,7.716666666666667
126.460349,7.733333333333333
127.6366919,7.75
125.6031668,7.766666666666667
125.9142355,7.783333333333333
125.3581269,7.8
125.1006391,7.816666666666666
124.1096279,7.833333333333333
123.7837168,7.85
124.2138642,7.866666666666666
124.2004013,7.883333333333334
124.1885159,7.9
123.835481,7.916666666666667
124.110259,7.933333333333334
124.9685126,7.95
124.077861,7.966666666666667
124.3957054,7.983333333333333
126.10435,8.0
126.2751152,8.016666666666667
126.3033639,8.033333333333333
126.5545313,8.05
126.1025646,8.066666666666666
125.915496,8.083333333333334
126.6908059,8.1
125.8887098,8.116666666666667
125.2821469,8.133333333333333
124.8965049,8.15
123.6134695,8.166666666666666
123.6124172,8.183333333333334
123.5744294,8.2
123.2808008,8.216666666666667
123.173962,8.233333333333333
120.8165401,8.25
121.7074014,8.266666666666667
121.7232096,8.283333333333333
121.7188887,8.3
122.3670625,8.316666666666666
121.822375,8.333333333333334
122.9446756,8.35
122.5102007,8.366666666666667
122.3747517,8.383333333333333
123.0775363,8.4
123.0676406,8.416666666666666
122.8878212,8.433333333333334
123.7005952,8.45
124.0964795,8.466666666666667
123.8086523,8.483333333333333
125.4130862,8.5
126.5230329,8.516666666666667
126.4211832,8.533333333333333
127.4867659,8.55
127.5783601,8.566666666666666
127.9232796,8.583333333333334
128.3592381,8.6
129.0948313,8.616666666666667
129.3232844,8.633333333333333
129.82345,8.65
130.8433694,8.666666666666666
131.1000194,8.683333333333334
130.5038582,8.7
130.3242826,8.716666666666667
130.5096168,8.733333333333333
130.4698295,8.75
130.0479136,8.766666666666667
130.1789309,8.783333333333333
129.0846654,8.8
129.3801824,8.816666666666666
129.2552762,8.833333333333334
127.7286959,8.85
128.9389804,8.866666666666667
128.8822746,8.883333333333333
128.5404198,8.9
128.2470365,8.916666666666666
128.0251237,8.933333333333334
127.8433514,8.95
127.3209788,8.966666666666667
127.1987242,8.983333333333333
127.1883347,9.0
127.0938811,9.016666666666667
126.7738449,9.033333333333333
126.8984464,9.05
126.5491766,9.066666666666666
125.6963584,9.083333333333334
125.9380801,9.1
126.2123148,9.116666666666667
126.6925906,9.133333333333333
126.677998,9.15
126.4024924,9.166666666666666
127.2214969,9.183333333333334
127.3305278,9.2
127.5030288,9.216666666666667
127.9334538,9.233333333333333
127.7280664,9.25
128.4670272,9.266666666666667
128.5312984,9.283333333333333
127.861708,9.3
128.8129877,9.316666666666666
128.3393151,9.333333333333334
128.4668175,9.35
127.226849,9.366666666666667
127.0449725,9.383333333333333
127.2348246,9.4
127.6510646,9.416666666666666
126.3501988,9.433333333333334
126.4295834,9.45
125.6893194,9.466666666666667
124.302632,9.483333333333333
124.8330087,9.5
125.9565672,9.516666666666667
125.5592479,9.533333333333333
125.0147636,9.55
125.3547641,9.566666666666666
124.9208933,9.583333333333334
125.5752186,9.6
125.8214792,9.616666666666667
126.5165232,9.633333333333333
126.4317885,9.65
126.462659,9.666666666666666
126.4013373,9.683333333333334
126.1545526,9.7
125.7073897,9.716666666666667
125.1022157,9.733333333333333
125.1350087,9.75
124.1517021,9.766666666666667
123.8148597,9.783333333333333
123.8918721,9.8
123.5598022,9.816666666666666
123.8385321,9.833333333333334
123.8975531,9.85
123.3303751,9.866666666666667
123.5262326,9.883333333333333
122.7810544,9.9
122.4947185,9.916666666666666
123.6799718,9.933333333333334
122.5678094,9.95
123.0976431,9.966666666666667
123.5964225,9.983333333333333
123.0510074,10.0
123.4180464,10.016666666666667
123.3063776,10.033333333333333
122.5113592,10.05
122.7130306,10.066666666666666
122.5453771,10.083333333333334
121.6581839,10.1
121.3300515,10.116666666666667
120.911667,10.133333333333333
119.678962,10.15
119.7656301,10.166666666666666
119.5112023,10.183333333333334
118.4689408,10.2
119.3926263,10.216666666666667
119.1822638,10.233333333333333
119.1505794,10.25
119.2708699,10.266666666666667
119.3698177,10.283333333333333
119.2712924,10.3
119.7952921,10.316666666666666
118.5400608,10.333333333333334
119.2535506,10.35
119.5970383,10.366666666666667
119.433596,10.383333333333333
120.2513173,10.4
120.1167761,10.416666666666666
119.8677023,10.433333333333334
119.7793528,10.45
120.3827836,10.466666666666667
118.7477942,10.483333333333333
117.7719819,10.5
118.2451957,10.516666666666667
117.4537501,10.533333333333333
117.499021,10.55
117.0040081,10.566666666666666
116.8739495,10.583333333333334
116.699526,10.6
117.104002,10.616666666666667
117.0826284,10.633333333333333
116.846539,10.65
117.9542711,10.666666666666666
118.0317668,10.683333333333334
119.5239778,10.7
119.840681,10.716666666666667
120.518455,10.733333333333333
121.0924084,10.75
121.9653656,10.766666666666667
122.6009832,10.783333333333333
123.3494254,10.8
124.9824932,10.816666666666666
126.0341893,10.833333333333334
126.9218538,10.85
127.2871893,10.866666666666667
127.9298876,10.883333333333333
128.9474704,10.9
129.0502893,10.916666666666666
129.4571956,10.933333333333334
