83.89002239,0.016666666666666666
84.5756033,0.03333333333333333
86.41403041,0.05
84.71339253,0.06666666666666667
84.95129408,0.08333333333333333
86.04106322,0.1
85.52388115,0.11666666666666667
84.65597619,0.13333333333333333
85.25428217,0.15
86.12317198,0.16666666666666666
85.4514058,0.18333333333333332
84.44176468,0.2
85.48028664,0.21666666666666667
85.42495779,0.23333333333333334
85.5329536,0.25
84.72281344,0.26666666666666666
84.95616828,0.2833333333333333
85.53118338,0.3
84.40183829,0.31666666666666665
85.21918738,0.3333333333333333
86.40563743,0.35
85.80338702,0.36666666666666664
85.87746638,0.38333333333333336
85.57787074,0.4
85.82693889,0.4166666666666667
84.68280094,0.43333333333333335
84.56484888,0.45
85.62643391,0.4666666666666667
86.20018441,0.48333333333333334
85.6118323,0.5
86.2278042,0.5166666666666667
85.43668806,0.5333333333333333
85.93893237,0.55
85.46734028,0.5666666666666667
86.77247296,0.5833333333333334
85.52520883,0.6
83.95264367,0.6166666666666667
84.47048732,0.6333333333333333
84.97688302,0.65
85.71171151,0.6666666666666666
85.33276533,0.6833333333333333
85.97983156,0.7
86.26978322,0.7166666666666667
87.61846474,0.7333333333333333
87.63873399,0.75
86.69654553,0.7666666666666667
86.2068133,0.7833333333333333
86.82599026,0.8
86.37548775,0.8166666666666667
86.44837385,0.8333333333333334
86.71641141,0.85
85.45107383,0.8666666666666667
84.19072408,0.8833333333333333
84.67648286,0.9
85.38921186,0.9166666666666666
83.85948576,0.9333333333333333
84.87518348,0.95
85.04323038,0.9666666666666667
84.03090789,0.9833333333333333
84.07042332,1.0
85.33741413,1.0166666666666666
83.92188929,1.0333333333333334
84.69288752,1.05
84.92016449,1.0666666666666667
83.91889145,1.0833333333333333
86.02603235,1.1
86.98099166,1.1166666666666667
86.96742411,1.1333333333333333
88.99547342,1.15
89.95984365,1.1666666666666667
93.39450442,1.1833333333333333
96.98408873,1.2
99.10898543,1.2166666666666666
103.1500942,1.2333333333333334
106.176154,1.25
112.0386189,1.2666666666666666
117.5787693,1.2833333333333334
120.6993613,1.3
126.0077206,1.3166666666666667
132.1497169,1.3333333333333333
137.8550008,1.35
142.2880968,1.3666666666666667
146.9469564,1.3833333333333333
152.340007,1.4
157.6145457,1.4166666666666667
161.3279601,1.4333333333333333
163.4929613,1.45
166.1440139,1.4666666666666666
168.6516011,1.4833333333333334
168.9510612,1.5
167.8399716,1.5166666666666666
166.6870057,1.5333333333333334
164.9360237,1.55
162.2965297,1.5666666666666667
158.5420515,1.5833333333333333
156.0585473,1.6
152.8528601,1.6166666666666667
153.0444397,1.6333333333333333
146.618428,1.65
144.493626,1.6666666666666667
#NUM!,1.6833333333333333
#NUM!,1.7
#NUM!,1.7166666666666666
#NUM!,1.7333333333333334
#NUM!,1.75
107.7663301,1.7666666666666666
102.3124488,1.7833333333333334
100.4167915,1.8
#NUM!,1.8166666666666667
92.93382745,1.8333333333333333
#NUM!,1.85
#NUM!,1.8666666666666667
#NUM!,1.8833333333333333
102.4214927,1.9
#NUM!,1.9166666666666667
#NUM!,1.9333333333333333
101.8570686,1.95
#NUM!,1.9666666666666666
#NUM!,1.9833333333333334
#NUM!,2.0
#NUM!,2.0166666666666666
#NUM!,2.033333333333333
100.3606134,2.05
103.2968272,2.066666666666667
107.10376,2.0833333333333335
#NUM!,2.1
118.6235391,2.1166666666666667
123.7386845,2.1333333333333333
124.5246299,2.15
132.02044,2.1666666666666665
135.9053168,2.183333333333333
141.6741584,2.2
145.7209582,2.216666666666667
149.2459484,2.2333333333333334
153.5195972,2.25
156.9225935,2.2666666666666666
159.5656901,2.283333333333333
160.8304502,2.3
163.1897542,2.316666666666667
164.1270879,2.3333333333333335
163.6933301,2.35
163.934063,2.3666666666666667
163.2110818,2.3833333333333333
161.5187942,2.4
160.0803513,2.4166666666666665
158.1574637,2.433333333333333
154.4636301,2.45
151.8809602,2.466666666666667
148.1421697,2.4833333333333334
143.6777755,2.5
140.9579549,2.5166666666666666
136.3930523,2.533333333333333
132.1304725,2.55
129.3441368,2.566666666666667
124.1166754,2.5833333333333335
118.7623742,2.6
115.8121549,2.6166666666666667
110.0410365,2.6333333333333333
105.7652927,2.65
101.2565701,2.6666666666666665
99.1088774,2.683333333333333
95.16173287,2.7
91.3887191,2.716666666666667
89.23678695,2.7333333333333334
87.03724334,2.75
87.26284695,2.7666666666666666
85.17124602,2.783333333333333
84.64256322,2.8
83.87714174,2.816666666666667
85.3946348,2.8333333333333335
85.94468057,2.85
85.98801098,2.8666666666666667
88.75327822,2.8833333333333333
91.52432787,2.9
94.10863492,2.9166666666666665
96.59364097,2.933333333333333
99.53867742,2.95
103.9213685,2.966666666666667
109.2263842,2.9833333333333334
115.8291045,3.0
119.3966388,3.0166666666666666
126.417613,3.033333333333333
131.2243512,3.05
137.769118,3.066666666666667
142.3388334,3.0833333333333335
147.2321853,3.1
152.7036819,3.1166666666666667
155.2555869,3.1333333333333333
158.9794171,3.15
#NUM!,3.1666666666666665
#NUM!,3.183333333333333
#NUM!,3.2
#NUM!,3.216666666666667
#NUM!,3.2333333333333334
#NUM!,3.25
162.7756377,3.2666666666666666
#NUM!,3.283333333333333
#NUM!,3.3
#NUM!,3.316666666666667
#NUM!,3.3333333333333335
#NUM!,3.35
141.2493587,3.3666666666666667
137.5166562,3.3833333333333333
133.3967487,3.4
129.3120722,3.4166666666666665
124.6733085,3.433333333333333
120.0640106,3.45
116.2752041,3.466666666666667
110.8894631,3.4833333333333334
108.2305764,3.5
106.4219533,3.5166666666666666
101.4780728,3.533333333333333
100.3811011,3.55
#NUM!,3.566666666666667
97.7545461,3.5833333333333335
97.00164362,3.6
94.95532369,3.6166666666666667
105.0828197,3.6333333333333333
#NUM!,3.65
#NUM!,3.6666666666666665
#NUM!,3.683333333333333
#NUM!,3.7
#NUM!,3.716666666666667
#NUM!,3.7333333333333334
#NUM!,3.75
#NUM!,3.7666666666666666
115.3051326,3.783333333333333
119.128611,3.8
#NUM!,3.816666666666667
123.9514167,3.8333333333333335
#NUM!,3.85
130.3274241,3.8666666666666667
#NUM!,3.8833333333333333
#NUM!,3.9
#NUM!,3.9166666666666665
#NUM!,3.933333333333333
#NUM!,3.95
#NUM!,3.966666666666667
141.9617069,3.9833333333333334
#NUM!,4.0
152.4548579,4.016666666666667
152.899722,4.033333333333333
152.4582723,4.05
152.9827884,4.066666666666666
152.3952603,4.083333333333333
152.2677825,4.1
150.7495056,4.116666666666666
149.139119,4.133333333333334
145.0514117,4.15
#NUM!,4.166666666666667
#NUM!,4.183333333333334
#NUM!,4.2
#NUM!,4.216666666666667
#NUM!,4.233333333333333
#NUM!,4.25
124.5909801,4.266666666666667
121.4652996,4.283333333333333
#NUM!,4.3
#NUM!,4.316666666666666
#NUM!,4.333333333333333
#NUM!,4.35
#NUM!,4.366666666666666
#NUM!,4.383333333333334
#NUM!,4.4
#NUM!,4.416666666666667
#NUM!,4.433333333333334
#NUM!,4.45
#NUM!,4.466666666666667
#NUM!,4.483333333333333
#NUM!,4.5
117.013955,4.516666666666667
118.2713034,4.533333333333333
119.4442606,4.55
121.5346571,4.566666666666666
122.06704,4.583333333333333
124.2604575,4.6
125.796372,4.616666666666666
#NUM!,4.633333333333334
#NUM!,4.65
#NUM!,4.666666666666667
#NUM!,4.683333333333334
#NUM!,4.7
137.5965057,4.716666666666667
139.4686908,4.733333333333333
141.2946101,4.75
142.2609604,4.766666666666667
142.573265,4.783333333333333
143.1963705,4.8
143.6924246,4.816666666666666
142.3896727,4.833333333333333
141.8233979,4.85
142.5436378,4.866666666666666
140.3230743,4.883333333333334
138.6902617,4.9
137.3130546,4.916666666666667
134.2222287,4.933333333333334
134.0474727,4.95
132.0087251,4.966666666666667
#NUM!,4.983333333333333
#NUM!,5.0
125.8061418,5.016666666666667
#NUM!,5.033333333333333
#NUM!,5.05
#NUM!,5.066666666666666
120.7833178,5.083333333333333
120.0872277,5.1
#NUM!,5.116666666666666
#NUM!,5.133333333333334
#NUM!,5.15
#NUM!,5.166666666666667
#NUM!,5.183333333333334
#NUM!,5.2
#NUM!,5.216666666666667
#NUM!,5.233333333333333
#NUM!,5.25
#NUM!,5.266666666666667
#NUM!,5.283333333333333
#NUM!,5.3
#NUM!,5.316666666666666
#NUM!,5.333333333333333
114.1462696,5.35
115.5819323,5.366666666666666
116.8094965,5.383333333333334
116.833098,5.4
117.9288962,5.416666666666667
117.8983398,5.433333333333334
#NUM!,5.45
#NUM!,5.466666666666667
#NUM!,5.483333333333333
#NUM!,5.5
134.5516333,5.516666666666667
#NUM!,5.533333333333333
129.8033378,5.55
132.378226,5.566666666666666
134.7728003,5.583333333333333
136.2941604,5.6
137.7007422,5.616666666666666
139.8910921,5.633333333333334
141.8554283,5.65
143.2425108,5.666666666666667
#NUM!,5.683333333333334
#NUM!,5.7
#NUM!,5.716666666666667
#NUM!,5.733333333333333
#NUM!,5.75
#NUM!,5.766666666666667
#NUM!,5.783333333333333
#NUM!,5.8
#NUM!,5.816666666666666
#NUM!,5.833333333333333
#NUM!,5.85
#NUM!,5.866666666666666
#NUM!,5.883333333333334
137.9765219,5.9
135.1446857,5.916666666666667
133.6303002,5.933333333333334
131.0338724,5.95
128.7028137,5.966666666666667
126.480929,5.983333333333333
122.1294103,6.0
120.2740032,6.016666666666667
117.7668004,6.033333333333333
116.2327416,6.05
114.3929338,6.066666666666666
114.4295306,6.083333333333333
112.1835357,6.1
111.5586331,6.116666666666666
111.6367149,6.133333333333334
112.4485405,6.15
111.9686513,6.166666666666667
111.5277815,6.183333333333334
112.1713095,6.2
113.4359672,6.216666666666667
114.2580981,6.233333333333333
114.8506708,6.25
116.8548998,6.266666666666667
118.0239434,6.283333333333333
118.1490044,6.3
119.867069,6.316666666666666
119.7667913,6.333333333333333
120.1601475,6.35
128.0943441,6.366666666666666
124.5395616,6.383333333333334
127.6358526,6.4
129.8257545,6.416666666666667
131.2620254,6.433333333333334
134.3890282,6.45
136.1371523,6.466666666666667
138.9599488,6.483333333333333
141.0987208,6.5
142.2626239,6.516666666666667
143.870699,6.533333333333333
145.0537996,6.55
145.7685966,6.566666666666666
150.9712863,6.583333333333333
145.752821,6.6
126.5810944,6.616666666666666
419.4048683,6.633333333333334
408.8497698,6.65
418.6130973,6.666666666666667
407.5540422,6.683333333333334
113.2377107,6.7
111.7850953,6.716666666666667
112.5011502,6.733333333333333
112.5440862,6.75
150.6149976,6.766666666666667
130.4638613,6.783333333333333
129.4984772,6.8
124.5933985,6.816666666666666
118.3578665,6.833333333333333
119.6890965,6.85
169.2916209,6.866666666666666
109.4646083,6.883333333333334
