86.69764921
87.39456662
86.04924158
85.91394895
84.80803611
84.55176585
84.96968281
84.97732611
84.86731689
84.50763553
85.27066621
86.11145881
86.13057544
86.41789555
85.84993675
85.99022161
86.45190744
85.79321403
86.70427125
86.28580056
87.02742734
86.95683454
87.87144102
87.09889216
88.57936376
87.76341588
88.47731822
88.60520181
89.47535483
88.94273639
88.65005796
88.1338641
88.63587593
89.47074479
90.79931068
93.87812818
95.73223584
98.74377011
102.1591801
105.2088378
108.1384302
111.4991632
114.4177561
118.8460475
122.4098266
126.460874
129.3610071
132.8417293
135.4769308
139.1145134
141.0748965
142.6593373
145.198731
147.1089712
147.7484027
148.0238814
148.626762
148.7231491
148.801292
148.2291452
147.3948002
147.449348
145.1424623
143.6628146
140.7834653
138.9476581
137.1201685
134.4309082
131.9485799
129.2512941
126.6466074
124.571843
122.5889776
120.2313745
117.8186144
116.0194504
114.1931669
113.5651792
112.6065738
112.1406902
111.3917039
111.1652549
111.0684016
108.6646983
109.6714309
110.8376168
111.3499936
111.0239097
111.2032484
111.2163383
113.2710571
112.1936355
112.8591405
115.1236684
116.0121422
116.5122648
117.245565
119.0120026
120.5464102
121.99982
122.8489693
124.45733
125.7166349
127.4122691
128.0868978
130.3818748
132.0399996
133.024667
132.604192
134.4143025
135.0545932
134.7743665
135.091445
135.223917
134.3475649
134.8900546
133.765713
132.9246289
132.8307524
131.210851
130.3341258
130.5794514
129.085399
128.4432263
127.3458481
127.6087853
126.7744748
124.5266278
123.9521531
123.6834441
121.0152223
120.0204246
120.2633462
119.9748316
119.0386208
119.9425355
119.287661
119.4447886
119.7551796
120.7462975
121.1081191
119.9928791
120.051241
119.8917677
119.2436235
120.1971861
120.1666901
119.9411635
119.7318503
120.0415318
120.614555
120.3853157
120.4039899
120.585441
120.5867068
120.1120273
120.2286311
120.4678174
119.2665401
119.0703083
118.9996439
117.468347
118.283987
117.3592889
115.9622548
115.9790961
116.1236655
117.2621747
117.1728813
117.055223
118.2020692
118.2176076
119.3342313
119.6691441
121.4558127
121.8614699
123.3725802
124.8130341
125.6984596
126.378761
127.489389
128.2557403
128.6174779
129.1660958
129.0254499
128.6072038
128.9597336
128.8572227
128.3320799
127.831708
127.6180176
127.1628329
126.5057085
126.1306068
126.2038081
126.2107395
125.7392223
125.4799169
126.6601506
127.3644211
127.121903
127.4664109
128.8228411
130.0239292
129.8208313
129.6361437
131.3923084
132.7178422
132.8415202
134.1225794
133.6966498
134.5534086
134.3358673
135.3612841
135.51513
134.3412984
134.3109051
134.5303296
134.4276706
134.5769051
134.4790531
133.7426226
133.4409538
133.0628199
132.0543292
132.4619868
132.03341
130.2119191
128.8378308
128.9485185
128.4324266
127.7635236
126.4469088
126.3254164
125.1615999
124.2589851
122.4761818
122.0097241
120.5457773
118.8542877
117.5643854
116.9577645
114.3472126
113.0171081
113.3019599
112.6912657
112.0075701
112.0866788
111.6803273
112.912472
113.0706435
113.6774963
113.4276852
114.939098
114.7489808
115.4701402
117.0888712
116.9589285
118.9869683
119.5404485
120.8197041
121.851143
122.5546449
124.2631921
125.5666028
126.4029124
126.899601
128.6385503
129.9708269
131.1989205
132.0322595
133.5686502
134.1550653
134.0376532
134.0199989
133.4758571
133.0761993
133.1439309
133.3938226
133.5015638
133.4377142
133.6187019
132.6828175
131.5966574
130.5889788
129.5735982
129.4193706
129.0929449
127.7575442
127.6287186
126.5043436
126.5109584
124.5567014
123.882614
122.874976
122.463543
121.8952949
120.3231719
120.3909074
120.5736264
120.2579649
120.2556435
119.8088034
120.362843
120.4063109
120.7360666
121.4342033
121.6403723
122.3060737
122.4687039
123.3455312
124.1701091
125.6114671
126.2309032
126.8397686
127.7966721
128.5332904
128.9543881
128.4790848
129.4359257
129.8856706
128.5471298
129.1226039
129.2895427
129.0972418
129.5629118
129.1532056
129.5390241
129.0700975
128.4952314
127.6546316
127.7803078
127.759957
128.0017348
127.9462502
128.511902
128.8244135
128.8554408
128.8985214
128.6140183
129.7279143
129.2160836
129.136752
129.2505606
128.8445394
128.219142
127.6820127
128.0436876
127.0358413
125.5135412
125.4276925
125.1718999
124.4956072
124.3960209
123.9984403
124.1857812
123.8050751
124.1411837
121.8980346
122.1496378
121.8931875
121.8627344
122.0856882
122.9150906
123.7189035
123.280485
124.1633774
124.5523902
124.894087
125.575849
124.6446045
124.9281467
125.1696928
125.5127006
125.4084625
125.9758944
125.9474287
125.9788354
126.0799833
127.6373214
127.1564311
126.9126169
126.2280677
125.8658097
125.3403671
125.5244689
125.5362371
124.7654092
124.7330275
124.3477497
123.6850224
124.4162122
123.9416331
123.5091844
123.3051145
124.1106798
123.9849751
123.5066588
124.2551988
124.3657333
124.9179499
125.0033061
125.8009943
126.1682057
126.6183658
126.2993734
126.5106434
128.0183063
128.4092541
128.1446841
127.984324
127.9062873
126.8627572
126.0411215
128.056483
127.5297834
126.0749418
126.9526083
127.1688148
127.0240862
126.7124322
125.5610341
125.4157132
125.5863559
125.9305171
126.1021444
125.8162267
125.7972124
127.597035
127.1674505
126.4222332
127.7430677
127.3212936
128.2266924
128.416489
128.158737
127.7170515
127.2026072
125.8217944
127.5273703
127.8880362
127.8049591
127.0690072
127.0253457
127.1217981
127.7048824
127.113507
127.741599
128.3421463
128.9725207
128.701346
128.9963129
128.3817822
129.0986042
128.2836341
127.9463551
128.3355402
127.9725768
128.1958612
128.053861
127.1618884
126.9824174
126.980948
126.460349
127.6366919
125.6031668
125.9142355
125.3581269
125.1006391
124.1096279
123.7837168
124.2138642
124.2004013
124.1885159
123.835481
124.110259
124.9685126
124.077861
124.3957054
126.10435
126.2751152
126.3033639
126.5545313
126.1025646
125.915496
126.6908059
125.8887098
125.2821469
124.8965049
123.6134695
123.6124172
123.5744294
123.2808008
123.173962
120.8165401
121.7074014
121.7232096
121.7188887
122.3670625
121.822375
122.9446756
122.5102007
122.3747517
123.0775363
123.0676406
122.8878212
123.7005952
124.0964795
123.8086523
125.4130862
126.5230329
126.4211832
127.4867659
127.5783601
127.9232796
128.3592381
129.0948313
129.3232844
129.82345
130.8433694
131.1000194
130.5038582
130.3242826
130.5096168
130.4698295
130.0479136
130.1789309
129.0846654
129.3801824
129.2552762
127.7286959
128.9389804
128.8822746
128.5404198
128.2470365
128.0251237
127.8433514
127.3209788
127.1987242
127.1883347
127.0938811
126.7738449
126.8984464
126.5491766
125.6963584
125.9380801
126.2123148
126.6925906
126.677998
126.4024924
127.2214969
127.3305278
127.5030288
127.9334538
127.7280664
128.4670272
128.5312984
127.861708
128.8129877
128.3393151
128.4668175
127.226849
127.0449725
127.2348246
127.6510646
126.3501988
126.4295834
125.6893194
124.302632
124.8330087
125.9565672
125.5592479
125.0147636
125.3547641
124.9208933
125.5752186
125.8214792
126.5165232
126.4317885
126.462659
126.4013373
126.1545526
125.7073897
125.1022157
125.1350087
124.1517021
123.8148597
123.8918721
123.5598022
123.8385321
123.8975531
123.3303751
123.5262326
122.7810544
122.4947185
123.6799718
122.5678094
123.0976431
123.5964225
123.0510074
123.4180464
123.3063776
122.5113592
122.7130306
122.5453771
121.6581839
121.3300515
120.911667
119.678962
119.7656301
119.5112023
118.4689408
119.3926263
119.1822638
119.1505794
119.2708699
119.3698177
119.2712924
119.7952921
118.5400608
119.2535506
119.5970383
119.433596
120.2513173
120.1167761
119.8677023
119.7793528
120.3827836
118.7477942
117.7719819
118.2451957
117.4537501
117.499021
117.0040081
116.8739495
116.699526
117.104002
117.0826284
116.846539
117.9542711
118.0317668
119.5239778
119.840681
120.518455
121.0924084
121.9653656
122.6009832
123.3494254
124.9824932
126.0341893
126.9218538
127.2871893
127.9298876
128.9474704
129.0502893
129.4571956
129.3748385