65.14719039
64.33347114
65.53987918
66.24785746
66.13086522
66.01147028
65.05816176
66.37861595
66.90633268
67.34555611
65.50461331
64.91642296
65.07535776
66.58094312
65.9063351
65.36890825
65.62202834
64.80502122
66.71561869
66.65525192
66.93414999
65.75206927
64.90899785
66.19487797
66.62658424
67.04293503
65.94869977
66.16533572
66.53447412
66.81070164
66.62869055
66.39794259
66.72778385
67.66529757
66.71737332
67.91013966
66.89452692
65.87910511
66.53260113
65.50249719
67.4734075
67.99348679
67.24448927
66.32472756
67.14606781
66.07997124
67.36410789
66.44888733
66.27820998
67.48378678
65.95198536
66.67268492
66.75737546
64.45431375
66.93555246
65.10903942
67.39397456
66.82449909
64.87045414
64.48418967
64.71515334
64.26847538
65.9356743
66.14071443
65.82639693
63.8190187
64.62654841
65.49814733
65.98143633
66.21386752
65.66268109
65.34161671
66.02625124
66.94443459
67.56703893
67.7905432
70.94478384
75.99925713
79.37754052
82.95597467
87.13186393
92.59874948
98.00918318
106.6497109
109.2030276
115.6141432
123.5073954
130.3783146
137.8008034
144.2805854
150.0726379
155.7945737
160.8956215
165.9241542
170.158894
173.9698304
175.3858036
176.45833
177.1409565
177.7599676
178.0097983
175.5196309
174.0732202
169.0612947
166.5266708
160.9890447
156.7670563
151.5492427
144.9709473
138.0503059
132.1072534
125.0674248
119.1973664
112.2529562
105.3648332
98.55135972
92.43610498
87.49011031
81.71142872
80.11179972
75.32486977
73.24657581
69.8834068
67.75221869
67.75501459
67.01734967
68.41249599
70.2962723
69.90652028
74.00128568
77.65414929
81.05858677
85.4883641
92.05452793
95.58900717
101.3588766
105.8987004
111.7611645
117.9102876
#NUM!
132.1459517
137.1255905
143.7920566
149.4263342
153.4192781
#NUM!
163.4333115
164.5778749
168.3467637
170.3012579
169.6484901
171.7076993
171.4708689
171.304615
169.2676636
167.2877223
165.6414828
161.5836396
#NUM!
153.3307455
147.7190591
142.5836604
137.5140501
130.6642536
124.4225219
118.3147443
112.8945181
106.6159095
102.3446044
96.89641556
90.77806882
85.69490056
82.66811917
#NUM!
77.77480092
74.1792889
72.53929036
70.59454472
71.49394354
71.73679179
72.14163397
73.93812898
76.64823551
80.11045516
83.70499367
86.28469593
#NUM!
95.11076196
99.13728696
105.4284656
109.7540402
114.4336675
118.4506582
125.5492661
130.0310513
136.3931567
140.5843999
144.7591288
148.0977994
152.2840281
156.5443713
159.1302799
160.9796613
162.2755043
162.8481821
163.7216587
164.3410068
164.0935103
162.0692619
159.9199495
156.6581951
153.8012953
150.5582512
146.7176041
142.4721147
136.9324747
132.6604431
128.7012412
123.8498946
119.6514084
113.2138153
109.1354074
104.5579623
101.6787354
97.65625816
94.16447895
89.8253809
87.85899895
86.21233731
86.13808928
84.12980089
83.15466751
82.69896213
83.04153726
84.91495755
87.87166124
88.69765838
90.51422852
93.25890123
95.70389674
99.33471744
103.3913403
106.3367824
110.8037608
114.5421767
118.7872022
122.8330701
125.3386857
129.3055753
133.2967343
137.4776683
140.0571312
142.2132369
144.0355571
147.0982881
148.7818084
150.0639375
150.6569351
150.3972204
149.922448
149.0769462
148.552344
146.3183812
144.3278426
141.4348304
138.1700419
136.0995934
133.5933105
129.4304772
125.8466911
122.22612
118.5224133
115.3068283
112.2238279
109.0791956
106.129276
102.4846105
100.7217587
98.94952466
97.89448402
95.39056141
94.05724948
93.19675749
94.05931805
94.0807654
94.81833166
95.73603601
96.93640639
98.45924298
100.4812668
101.2915713
104.6803095
106.8549505
108.5412188
112.3198207
114.4201959
117.2777262
119.8454309
121.8763277
125.3543437
128.4718503
131.1906528
133.7615338
135.7388803
137.8312376
139.5206504
141.3605607
142.6026839
143.1954352
142.3614981
142.0478069
142.2674066
141.3024119
140.0546329
138.2601771
136.1778402
134.1838947
131.5458082
129.2512941
126.690491
123.1724883
121.0355737
118.4167341
115.6260101
113.2195503
110.9967664
108.7583904
107.8242275
105.8104782
104.6253038
102.2990055
100.6083678
101.2275986
99.94760662
100.8454768
99.72325916
98.73706909
98.81801743
98.89420175
101.1085773
101.9451971
103.2224974
104.9110136
106.5827486
108.005586
110.0577654
113.1950172
114.0693407
116.5546105
118.1023857
120.5918757
122.9703645
126.1875299
127.717576
129.7719118
131.5554341
133.9078005
135.4322596
136.8152598
137.7543174
139.4695238
140.1209403
141.2073311
140.9145682
140.7528732
139.7185828
138.9418251
137.4866335
135.9523751
133.8916074
132.0394766
128.8872011
125.3751508
122.8076943
119.8787851
117.5767598
114.1982597
111.9863032
109.854547
106.8981526
106.1739065
103.591928
101.3436931
99.42628544
99.07150033
98.0972502
96.59743601
96.07220608
97.27433424
97.74805175
98.444754
99.04535678
100.6067509
102.0846319
104.1567981
106.9969529
109.8520958
111.9122908
114.7490868
117.0055954
119.1066422
122.588451
125.4839099
126.9238482
129.8295256
131.5331479
133.3350896
135.1099229
135.732306
136.8847137
137.6054702
137.6684296
138.2666375
138.1917165
137.3198313
137.658006
136.4242417
135.1919744
133.5959228
130.6025893
128.2917085
125.8390225
123.8255912
121.421343
118.5972282
115.264963
112.8675335
110.2869318
108.8673298
105.6703096
103.901621
101.365553
100.4006178
98.63362719
98.13359882
98.56508967
96.82336365
96.37099551
97.25299543
98.86113555
98.45589108
99.31365941
99.32251466
101.6060768
103.1291454
105.330551
106.6902494
106.6076729
108.5306524
110.8948925
113.8357594
114.9992115
117.344479
118.5032861
120.7376487
123.6821814
125.5350813
127.5836059
127.9391178
129.279902
131.276153
132.5785751
132.7692801
132.2794013
133.6008339
133.3878658
131.7995145
132.0221136
130.6458279
129.066639
127.105006
126.8486911
124.5714224
122.5582257
121.7913932
118.8318911
117.542915
116.039574
113.8738619
112.8086748
110.8526281
108.8538865
107.2139743
106.5207022
106.5205952
106.2175715
104.6195135
103.045452
103.8996891
104.0309368
102.8520307
103.0752131
102.925644
104.2681575
104.3443192
103.7172154
104.2506715
104.5538873
105.3330151
106.1415844
107.4373528
108.2985855
109.8380276
111.360847
112.983647
113.5573229
115.3589722
116.1764046
117.9128252
119.8494419
121.080177
122.706923
123.132803
123.9873946
124.9149014
126.5030836
126.6131164
127.2533991
127.8339108
127.3633718
127.5657702
128.0305775
128.7473665
127.5171931
126.6311743
125.3229223
124.4661633
124.1809428
124.4475501
121.472362
121.2694327
118.8229112
117.4833668
116.3071823
114.5531012
113.0445135
111.002408
109.9771015
107.9880713
106.8312099
105.269161
104.6078255
103.5341623
102.0328848
101.6292207
100.8866397
101.846415
101.4357587
100.7277942
101.7082274
102.3667576
103.4777883
104.1904865
104.5870227
104.6098629
105.6314352
107.6848186
108.5275571
109.0474083
110.3097282
112.0038484
113.3602585
116.3943233
116.1842412
118.5249495
119.854825
121.834072
123.924906
125.3388958
126.0540406
128.8391935
129.8591696
130.7082232
133.2464634
134.341925
134.722158
135.6397409
136.3936782
136.4617934
136.8865908
134.3804641
133.9484394
133.5984306
131.9439774
130.9290987
127.6672207
125.8450103
124.1301393
122.3956072
119.4618939
117.6588292
115.7178682
113.0069105
111.8597556
109.3787738
108.9684684
107.2816352
105.014659
104.8211841
103.1699681
103.9695547
102.5749233
101.8953773
101.2252291
101.462138
102.0499908
102.402352
102.7355245
102.9930181
103.1321535
104.0768629
105.1272926
105.96925
106.4787647
107.0480595
107.6731735
109.6225013
111.1055476
112.5045511
113.414094
114.6709303
116.7963726
118.0530163
118.3796383
119.7068316
121.0669966
121.6613456
122.608671
123.8457915
124.3654178
124.6882385
125.9798858
126.6042973
128.1273799
128.306494
128.7865719
129.6789917
128.6308972
129.6075429
129.4074256
128.7509307
128.2668559
126.9798984
125.7874425
124.2734991
123.7610956
122.591821
119.2996998
117.2273681
116.3067588
114.7086837
112.9551776
110.9173547
108.8739447
107.0408962
106.8917366
105.4577092
103.6247816
102.3470779
102.238346
100.5823888
100.5522046
100.6354237
102.0385868
101.3298015
101.8387745
102.0404158
103.7636965
105.4614583
106.0529598
106.5255163
109.3962612
111.2189988
113.6011687
116.4120048
117.8692629
120.5074837
122.3491559
125.0847678
127.6395245
129.627134
131.1147765
132.8009574
135.0634669
137.1688612
137.3635142
138.7366188
140.4061281
140.9722089
140.41154
140.7768058
139.6688154
138.6096289
137.9256634
136.4219469
134.4637012
131.5378563
128.0443169
125.9894442
123.9012353
120.7654933
118.5086755
115.6472007
112.7079483
110.1316035
108.5756923
106.6367681
104.4807485
101.0236888
100.3526338
98.82396119
97.22537311
97.116389
95.86316552
96.37414106
96.09575411
96.86530989
97.88636777
99.08954096
99.58185878
101.9078594
103.1314014
105.7026501
107.5146133
109.5714369
112.0393632
114.662022
117.2706381
118.6746797
122.1357314
124.4550165
126.1404793
128.8954817
130.7720816
132.8505108
134.6017588
135.0367411
136.4490677
136.9609429
138.7139092
138.9063063
138.8082874
137.8542713
137.9346262
137.2404902
136.387941
135.4312158
133.4525534
130.7740706
130.2503519
128.320021
126.2156754
124.6032824
121.8176329
120.2382332
118.1043942
116.081091
113.7805665
111.7928594
109.3226837
109.3172452
106.5035851
105.3197304
103.5562812
101.887522
100.6886702
101.6916517
101.633957
101.8991435
102.3996636
101.9784443
103.6436772
104.3274784
105.8812494
106.0055396
107.9562448
109.9889298
111.4097919
113.7766392
115.9725291
119.1234357
120.8250829
122.5184156
124.1606427
125.7724198
128.1114389
128.8914986
130.1077159
131.4337454
131.7996191
133.2745777
133.3429277
133.3346715
132.6985003
132.3746705
131.4183636
130.9144445
130.4187326
129.0936785
128.4719551
126.0431172
126.5189381
124.193249
122.2737347
120.341214
118.8542877
116.8026171
115.4819028
112.8880376