78.88159852
79.05578533
79.96801756
79.97799324
79.88248531
79.35800707
79.59245527
79.35980329
79.51424689
79.48473229
78.78548052
79.52468307
79.68803432
80.11011902
80.00993611
80.50432838
80.30380098
79.48001873
79.46711224
79.56238563
80.22685486
80.31365617
79.2283202
78.89609841
78.78806647
80.01251385
79.58101113
79.18676619
79.65169013
79.68343539
80.09532852
80.2248386
79.45465426
78.91835298
78.34313325
79.80388676
80.02999715
79.81386663
79.91555701
78.45388167
78.80470608
79.53938301
80.23346363
79.92811231
79.18339675
80.23637593
80.37378993
79.42434939
80.81863233
79.17688241
78.96499341
79.52221432
80.53208747
81.25326376
80.96870439
79.35710896
79.83954399
80.05722921
79.19912056
79.54914527
79.36990687
80.89401082
79.54005628
80.5108206
80.55861351
81.2468952
83.12875139
84.46161566
86.9458035
90.81639117
93.61157913
96.89273065
102.9045816
106.902216
111.3660608
115.9075985
120.1930708
124.6159
130.4571601
135.3806983
139.6228991
144.3147561
147.6632739
150.8384483
154.3209634
157.0925787
158.0773598
158.7358719
160.7883768
160.2913862
160.3425437
159.5745626
156.3712499
153.9359277
152.8167561
149.2365195
146.7272517
141.7669275
138.1571204
133.5450344
130.2462678
126.4072176
122.5872926
117.2422853
112.7561878
108.1725991
103.9360715
99.7031842
96.8546881
#NUM!
88.01081527
85.4166579
81.69468781
80.29708139
79.68758564
78.2540829
78.21613712
78.83438572
80.04680729
81.28443474
82.3568924
84.80371441
87.3729648
90.33793503
94.25656134
96.99828439
100.6348847
104.708615
109.6165315
114.4198776
119.0321775
122.9121425
127.5959858
131.3634274
134.4562863
138.3571846
141.875395
144.2928412
146.5182098
148.4446511
150.2065572
150.8122525
151.1266855
150.2951073
148.5466434
147.8455553
146.2193935
143.7847844
141.1461606
137.7196084
134.9538466
131.7845548
127.9648152
123.3672125
119.5108856
116.6798381
113.8274806
110.9972987
106.5258372
104.2505642
99.70782524
98.07225938
95.54361024
95.05750429
92.94582601
93.900671
90.77325096
91.40304707
89.64085056
92.59711235
91.42678038
93.34807147
95.41065867
98.03017317
101.0389867
103.2855493
105.4083266
109.3257762
111.7519111
116.1252541
120.7371213
123.2971153
127.0448676
130.5611293
133.4098118
136.7974266
139.3752848
142.0601809
144.9422908
145.792571
148.4512848
149.6776683
149.8308789
147.9906019
147.8617297
147.6616149
145.5676568
143.0689595
140.9678391
137.857398
135.4102366
131.3113145
127.6417276
123.5328624
121.2116575
117.6884404
114.328966
110.7876841
108.1148315
103.9220124
101.8626644
98.18433218
95.78185335
95.98126127
94.26831553
92.58237795
91.63694563
90.81146416
91.2807553
91.50278578
91.66296477
92.45510074
94.15762119
96.41915332
100.1760896
103.5945048
104.8289025
107.3643603
111.0947978
114.4776878
119.5697995
121.3586204
124.4796235
127.7380323
130.9182127
134.6704699
136.3794916
137.7551512
139.5588642
141.2314659
143.0662574
144.0077181
144.0939346
143.5554873
144.0344145
142.1462764
142.5760718
140.5618177
138.9927585
135.4293371
132.6494649
131.4155384
127.9478235
125.4064659
122.3834942
119.4792102
117.35675
114.7807931
112.1573821
109.7516952
106.0803616
103.8813363
101.4278986
99.57527379
97.33477239
96.55905083
95.31483781
94.2333788
93.29335001
93.44311341
93.82715865
92.94124477
95.11369643
97.37181239
97.92294423
100.0982109
101.7927143
102.2138227
105.4454977
108.322713
110.0363481
113.5664532
115.9834387
118.6615778
121.8940304
123.8163327
126.9351844
129.0801588
130.6388135
133.0951184
134.9163652
137.1076562
137.7532751
139.3765344
139.3616431
140.2456374
140.2907052
140.9223716
141.1042347
140.843087
139.327903
137.5090463
136.5324092
135.7573509
132.5042315
130.3117168
128.1302115
127.1855012
123.9272205
121.1917308
118.8827055
115.5798131
115.3338544
113.641191
111.9496167
108.7750363
106.730786
105.7340255
104.4868615
104.1615189
102.7562691
101.1112703
100.5025058
101.99964
101.2322298
101.5291048
101.0549306
100.4434233
101.7775397
103.0976674
104.1528284
105.4221455
106.328008
107.8753919
111.1125722
112.0680718
112.7880629
115.3507057
117.2270507
119.2771006
120.4188657
122.7592577
123.9431059
124.4658478
126.183434
127.6337544
128.1834866
128.4006561
129.2617733
128.6211473
129.8357058
129.8314111
129.2966683
128.4807624
126.7774141
125.9712727
124.4579609
123.1110124
120.8866732
119.51078
117.2672528
116.2570969
115.7733819
113.6889608
111.8633715
110.7025048
109.5561917
107.2188914
107.0575748
105.8100499
104.9255912
103.7566118
102.8901815
101.9619823
101.1154714
101.4941149
101.3628609
100.5012121
102.1728411
104.431628
104.0900608
105.7055414
106.5243395
108.8359618
111.0189069
113.0517365
115.4461908
117.926253
118.9360529
121.000143
123.2844847
125.5220522
128.6810085
130.1727521
130.5962028
133.2951666
133.4227703
134.8489173
134.9513409
136.3834555
135.7231228
135.7285492
136.0173781
133.959722
131.6748113
130.4474225
128.4196346
127.5142553
125.6264916
124.1506503
121.6374213
119.174554
118.0179173
116.3096177
114.6588405
112.1991637
109.9788065
108.6049351
107.5636589
106.1244596
104.3540803
102.9452014
102.1461643
102.9900095
103.4905668
103.5680921
103.043518
102.8948025
103.4305384
103.9573206
105.6990092
105.9861639
106.0310162
108.844284
110.375664
110.6753523
112.7763755
114.8769665
116.032266
117.2054679
119.194198
120.9089251
123.0077388
123.4622481
125.294758
126.7714304
127.7963574
129.2136733
129.1340272
129.8327728
129.316578
130.1159896
129.430582
128.9528159
127.2986275
125.8383922
124.7780252
124.1075242
122.3646398
120.8136925
118.7889982
116.7757339
115.2096346
115.0653642
112.7613941
111.5368243
110.3283696
109.7019172
108.8972032
109.4216387
108.2249177
106.6639371
106.8044741
106.3801179
106.0236302
105.8400294
105.5293676
104.3488243
105.3399788
105.5257259
105.9140099
106.1432969
106.0698719
106.5434887
107.4689845
107.7827811
107.9989646
108.5952232
108.8740514
110.7261428
111.849546
113.115679
115.0014379
115.9385284
117.1742567
118.4626001
120.0053327
122.6214137
123.4561441
124.3153576
125.5784757
127.4479441
128.4620993
129.059093
130.3950684
129.3336582
130.211186
131.2557465
130.6246798
130.5252173
129.6960676
129.6178099
129.1556159
127.9664934
126.5194631
125.8266267
123.4999236
122.038277
121.2095489
117.9165258
116.8780769
115.2481104
113.5692135
112.1054981
110.8767946
108.3671231
107.8001931
107.0760705
105.6098018
104.6255182
103.3462332
102.388265
101.8824645
100.6675445
101.9450895
101.2729401
100.8868552
102.6858643
102.5750308
103.5506979
104.778088
106.7873628
107.9859353
109.5564049
109.9045299
111.898147
114.2828176
115.8537867
117.8706375
119.0069324
120.6907121
122.6115144
124.2001909
125.3483538
127.6165488
128.325998
129.3673989
131.3258603
132.0023446
132.7142875
133.2300544
132.8298115
133.1581458
133.0037609
133.3256837
132.3107749
132.1978269
129.8645117
128.4416535
127.4905431
126.2150453
125.3918593
122.0136225
120.6975682
120.1096001
118.0783884
116.7134979
115.2135564
113.7492538
112.3507533
110.8135557
111.321902
109.5818846
108.518805
108.0795925
106.7273634
106.4990918
106.2855259
105.8292155
106.0669819
105.9018051
106.1694115
106.8139921
106.737738
107.7040487
107.0776742
107.4265592
109.2952773
111.0892632
112.6276146
113.2714819
112.967394
114.917257
115.1024672
117.3715598
119.3946326
121.4621373
122.9100368
125.9006849
126.8925682
127.6787606
129.3354396
130.5766246
132.0464845
133.0773491
133.8418777
134.1596613
134.2871959
134.4066785
134.4946138
133.8053107
133.3223394
132.8312751
130.5205057
128.7408671
127.1411087
125.4858013
122.5655978
120.5179275
117.2652427
115.0582615
111.8790046
110.5648175
109.0451682
106.5459492
105.0742464
102.8283869
102.1270166
100.5213724
98.94574296
97.47902174
97.32589115
97.15387464
97.07944297
98.78927051
98.59373789
99.61337949
101.521784
103.1121711
104.165274
106.4927798
107.8317047
110.2322822
113.1002779
115.7360906
117.7174162
120.066649
121.3043284
125.2253955
126.8479563
129.7774637
130.5097215
131.0093805
132.2746952
133.5566334
134.9173048
135.5087635
135.6761623
136.2687063
136.4483375
135.1873813
134.3971745
131.3295228
131.8688709
128.9716822
127.4836183
125.3375297
124.3484859
122.1885116
120.1899051
118.0622138
116.666501
114.5858741
112.729837
110.8151527
108.3618922
107.0817368
106.3873938
105.0687808
104.7136541
102.8374146
102.6081428
102.2439389
101.796481
101.6550549
100.6762751
100.6428612
101.0530992
101.0237965
101.3425086
102.5313809
103.3155159
105.149796
106.4248421
108.0257702
109.2290504
111.8914472
112.8407607
115.653028
117.2463055
119.2923076
121.0139569
122.3622172
123.3414264
125.5929752
127.6827471
128.6640253
129.9539636
130.2600909
131.586404
131.4890977
132.3979902
132.2631913
131.3434405
129.1234423
129.2606206
127.6012315
126.108026
124.4801492
123.0019485
121.125095
119.812709
117.4241327
115.3269655
113.3979543
112.2347777
110.9682386
109.7496701
108.0127413
107.0018713
105.9822031
104.8935416
103.8752187
103.7329957
104.0159136
103.8344328
102.6759748
102.9833476
102.9619644
104.7581473
106.1560332
107.9064736
108.6808123
110.7378551
111.7870098
114.7987136
115.7132066
117.0353299
119.6046397
121.0279815
122.9239345
125.1097834
127.0495906
127.0331125
128.8799686
129.9987923
131.943036
133.1116333
131.8348731
133.4082443
133.4001974
133.9929425
134.0891526
134.1177743
131.9612368
132.1352836
130.4662695
129.5544254
129.0118247
126.713797
124.7954772
124.4429231
121.9632583
120.3981872
118.7478998
117.1449492
115.3769888
115.6871438
114.6469626
114.7584185
111.0116687
111.35691
109.8296079
108.9685751
107.8118365
107.6856733
105.340193
105.5876323
106.9817701
107.6384508
107.114023
107.9238832
108.1176079
109.8156459
111.1019289
111.6750088
112.6485487
114.0583049
116.3089824
118.2504807
120.0647494
121.5682804
122.5738124
123.6771308
125.2020637
127.7322626
128.8543925
130.2814535
131.4403376
130.9879236
131.9042279
132.7577799
133.0863383
131.4285136
130.4124501
129.3133296
128.2612981
126.3011587
125.7588678
124.8832593
122.9102474
121.1637906
118.5747208
118.2077772
116.7293748
113.9245924
113.5017963
111.92133
110.848476
109.4675937
108.5927685
106.5797534
104.4898644
103.5242837
104.7496777
104.4660556
103.0149376
103.345911
104.1219281
104.816896
105.1655481
106.3148463
107.2584408
107.690374
109.2182788
111.1369449
113.0199761
114.307112
115.7274032
116.5741948
118.9064744
120.7762513
122.6887054
124.3295556
124.9045994
126.6528016
128.3546244
128.9758747
130.1309659
130.6379759
130.3882622
131.0293717
131.6325439
132.1331918
130.2340155
130.4048064
128.4274985
127.6275646
126.8200338
125.1116753
123.1017487
121.5483595
120.7942865
118.873726
117.5627989
114.7542829
113.41643
110.3770487
110.0170614
108.3387265
106.8878869
104.175681
103.5319074
102.1414312
102.7548718
102.8246254
101.0156088
101.7843199
101.8318872
103.2124
104.4510406
104.2635447
106.4192784
108.6438884
110.5559784
113.2266658
115.2858429
117.4987037
119.5775067
121.3129731
124.6172669
126.9580664
129.2057089
131.2067695
133.0942822
135.0873736
135.9616614
138.2671585
139.1156591
138.9642193
140.3872904
140.0188238
139.4525508
139.0392117
137.6720778
136.2618211
134.4418741
132.4078199
130.2116049
128.5030949
125.2634402
123.451724
121.1252004
118.5204055
117.1674854
113.2038322
111.0085818
108.0027025
106.8919504
104.9325584
103.4234507
102.0811894
100.4612132
100.1544096
98.03276983
98.31217632
98.4739479
97.9717458
98.4698392
99.68656256
100.8825451
103.0361044
104.9105849
107.4016588
110.3658645
112.0392569
115.4419519
117.9961385
121.4186022
123.4221509
126.9954325
128.978495
131.5590961
133.8536834
135.5148169
138.1075176
139.1635672
140.7870031
141.9168876
142.2533705
141.8485647
141.820278
141.8101904
141.3466218
141.7551756
138.8606829
137.477981
135.8007611
133.2451047
130.3592571
128.5407343
125.713273
121.7475538
118.5921562
115.5142227
112.793269
109.7333619
107.2375974
103.8902445
101.887522
98.70150932
97.7265117
96.02185161
93.81201943
92.81230087
92.57266396
91.55089896
93.0545653
93.63151724
93.95620768
95.05772168
98.01827171
100.058621
102.4511705
104.2150545
107.9046579
110.9252323
115.1558933
117.9098647
120.4997826
123.5458062
127.3501503
130.2415554
133.5873544
136.7918993
137.9958019
140.8318496
142.6889628
144.0611105
145.3508147
146.6743448
146.1568233
145.2524028
145.9633937
144.3477837
142.6318944
140.4057118
138.072503
135.0261968
132.8283479
129.8459713
125.449129
122.6253102
118.1738458
114.5631771
112.5080584
110.340513
108.0789518
105.4909149
102.719079
100.4160367
98.8615678
98.54314324
97.96730944
97.7016153
97.29177306
96.26761757
97.68581102
100.2942938
102.4178366
102.9728173
105.1040384
108.9955647
111.4942693
114.1437231
115.6354399
119.0601684
121.0764865
124.095112
128.1453133
130.4955866
133.4207847
136.2752785
138.6554671
139.9320047
141.942781
144.2726918
144.4363739
145.2247885
146.6437412
146.4555449
145.4659339
142.6368841
140.9280941
137.9584923
135.0113721
133.7663399
131.8968009
127.8371626
123.4593014
120.9463622
118.0499505