84.36845267
83.93077164
83.53055587
87.095253
84.2195737
83.95652945
84.52016543
83.07724823
82.63649448
83.8488252
83.94420586
83.58633904
86.13897325
86.41005481
84.03157391
84.37688249
84.89889323
86.70394015
86.72038449
84.0117039
83.64700354
83.73609634
85.66315717
84.21313818
83.14877256
84.37788075
87.52349667
84.83396547
84.23222256
84.16065192
86.38310818
84.2754923
86.07200762
85.78635818
85.66171926
84.18528683
84.91528991
86.94425913
83.99360921
83.83772018
82.67802925
84.07353113
83.29300896
83.37717113
84.96325792
83.37705996
83.78108026
83.34293009
82.9413973
84.0950632
85.56028055
84.11670521
86.42198152
85.00335666
85.89161753
87.38101048
83.07302092
82.46162549
86.79674958
87.62099844
84.47691917
86.34268539
83.96629927
83.61000586
84.46061759
85.76070318
86.0775332
86.36267632
84.53380377
86.15256413
86.15455301
82.72067334
82.47822443
82.96643447
86.76728644
82.47733323
83.25842772
84.12214329
83.99038983
86.05432535
87.50531626
84.44398271
86.44826342
84.09461925
85.00834106
84.23765925
84.95627905
83.63556015
83.82295008
82.6835966
86.59080114
83.4044064
86.89384392
82.18826218
82.68571218
85.20656588
87.40371404
84.98352927
82.53347527
83.354937
83.79929468
87.12921745
86.81771477
83.63900431
85.36962237
83.44242178
83.3776158
85.63860158
82.20052442
86.20537705
89.17924212
89.2881766
92.69795101
93.81626716
99.08424765
102.8262375
106.5676653
110.4812155
114.7581004
116.3536654
119.6181532
126.164845
128.0529171
131.6375658
136.4735803
138.9159933
143.611905
147.3974965
150.8962229
152.6676791
154.0194746
155.769673
156.2066908
156.1437774
156.168881
155.4061555
153.7135009
151.9005202
150.0585515
147.6475128
144.6543535
140.2847726
138.3112344
134.2250488
129.7220478
128.2002657
124.5790983
120.8989065
117.4555483
113.3479406
109.9110307
105.2503038
101.7625799
98.65070645
96.71040967
95.88791534
95.65590195
93.43210589
90.56231854
91.37307823
91.57418863
91.91533171
90.16125511
92.11144214
93.79263195
94.77962045
96.90963773
99.48070225
102.1063624
105.813262
108.4207111
111.9497231
116.7144505
119.3708737
125.1697979
126.2151503
132.0912508
134.7958759
137.2087945
140.1382193
142.9429952
12.60471566
148.4324199
150.3133348
153.2762384
151.9338442
155.2331609
154.1228701
155.1195814
153.6031587
152.6250544
154.3461892
149.7455216
159.4362095
145.3758321
142.3634735
139.8847417
137.0038008
133.2429099
130.3116121
125.870957
121.9233237
118.2578797
116.2972289
112.2844224
107.897929
106.2558835
103.325612
101.957786
99.5426718
97.99619936
95.27550571
95.55295054
96.1539151
96.37923899
96.0178361
95.03478688
96.73187461
97.71557905
98.93407359
99.80042373
101.8208027
103.1707201
105.2980888
108.6032275
110.6095441
111.7339359
115.1740194
117.6171607
119.7639411
122.1825067
125.2793094
128.6714686
130.5445868
133.1394364
135.4533429
136.7573794
138.2798708
140.5425653
141.432542
143.1990725
144.5486379
145.1502487
144.4537176
144.7119858
143.1081398
142.8546489
141.5599588
140.0278803
138.5768121
135.2340425
134.4055297
132.2486545
130.0183782
126.8450172
124.882208
122.149111
120.3107216
118.6379094
115.4151405
113.1496667
112.5406854
110.0994266
108.1259369
107.1044014
105.8245044
104.5798381
102.9179069
103.2491366
104.0513249
102.9406882
102.3001885
102.7468105
104.0890951
104.9396326
105.6687033
106.8556991
108.3523911
110.9825026
112.8441605
114.4909465
115.5385944
118.9653136
120.4507267
123.2688016
125.1689571
127.2745968
129.4542618
131.437617
133.8471015
137.0692847
138.9629694
140.3880189
141.3268575
144.7982754
145.0923175
145.7073619
146.8090991
147.4357631
147.8855763
149.2540304
147.9804417
146.5071087
145.1893876
143.1808863
141.7198155
139.783549
137.5025831
134.2106346
132.2091221
128.4363061
124.7433309
122.5417963
118.7869909
115.9715758
113.2398347
111.6104401
109.7554258
107.5523327
104.3236168
103.5780775
101.2123047
100.4605663
98.67545981
97.14954115
97.12884834
#NUM!
98.29973908
97.97271963
98.8555163
101.3216172
102.7166067
103.453949
105.0535627
108.3100088
109.2082536
111.3887246
113.8757723
115.4122792
119.0188684
119.7060926
123.729741
126.9616351
128.7348919
130.5971451
133.0734816
133.9426936
135.385604
136.2786168
138.3492658
137.6419536
137.9112809
137.2953308
137.3511079
135.849805
134.8985116
133.656318
132.158084
129.9480981
128.6915966
127.156641
125.0024652
122.4667027
121.3147653
119.7838919
119.4514407
118.1906531
115.856435
114.5402675
112.4165481
111.331266
110.9199096
109.9131621
107.8883161
108.1923524
109.2032409
108.6926576
108.9861771
108.1923524
109.4051114
109.6969073
110.2900211
111.3371184
111.5962918
110.9948504
113.658813
113.1839719
116.2164338
117.6309094
118.9802078
119.7708025
120.9778928
122.8370713
124.6190544
124.8565573
126.3613298
128.0048813
128.4246675
129.7199527
129.8392673
129.9730264
130.4341247
131.1680473
130.8647237
130.4025027
130.1136856
128.7842657
127.7255487
126.458144
125.2673287
123.2402768
122.6832295
121.7206803
121.7784313
118.7525485
117.2112868
116.0829974
115.0838099
113.6404479
113.993361
112.9392429
113.4064489
110.0338973
110.3254936
109.5107743
109.060422
108.1582911
109.0715156
108.5845507
108.5958635
109.7838843
109.2491003
108.4372565
109.5567247
110.085149
110.4003754
110.8287803
111.0429627
112.3745632
115.0564593
116.1741808
117.2444012
119.2117295
119.7780861
121.0932519
122.778422
124.147074
124.7517417
126.0930069
126.3535591
127.7166318
129.779035
129.907353
130.1142092
130.7011044
130.7818171
131.8000375
131.919291
130.6105461
129.0856086
128.9715774
126.5909635
125.9966918
124.2456278
122.2267521
119.9296591
119.2161652
117.9896893
116.1660265
115.6286589
113.4369228
112.2822964
112.2070308
111.2510309
111.3123252
109.2402485
109.2072937
109.4664208
109.2256376
109.3405988
110.0656503
109.7782353
111.4472438
112.5080584
112.7872129
114.661916
113.4903296
115.2420688
116.1998081
116.836273
118.6462568
119.7372341
119.958156
122.2185352
123.7862419
124.0445154
125.6558046
126.4526839
126.0399662
126.9845166
128.5713484
129.5558922
129.8110894
129.7440468
130.8760288
130.0527314
130.2276274
129.7576651
129.0809972
128.5711387
127.924748
127.2882387
128.1211923
125.6165103
125.1516151
123.4479353
121.7483969
121.0009866
119.8483863
117.6062674
116.0867042
114.4303792
113.0849828
113.2997298
111.6673501
109.8256644
109.7381585
109.8087181
109.6577863
108.6695005
108.043391
108.4960704
108.3865518
108.6957522
109.6371058
109.680918
110.9251258
110.8510311
110.9794156
113.9747897
113.9893284
115.2100586
116.0058932
117.0983941
118.4620717
119.3111048
120.7891186
122.299332
123.8489477
124.173475
125.572907
126.2866668
127.0330075
128.0943441
129.5014108
129.7729593
129.3838498
129.7489704
129.8808523
129.785006
129.2526564
127.7919516
127.1614686
126.877033
125.2991718
124.2902217
122.8284372
120.3492326
118.9924611
118.1936128
115.8597189
114.8284038
113.8789563
111.0913919
109.204734
108.2412532
107.9641481
107.1704675
105.0996447
104.6699091
103.7731427
103.8884199
103.8208013
104.0949966
103.8621245
104.4921165
105.5523955
106.9075626
109.3638452
109.2357693
109.8772475
111.7447849
113.8729067
116.2228934
116.723765
116.9410443
119.3180745
120.3273923
122.3782276
122.9842615
124.1654811
125.6058986
125.9388153
127.2996768
128.3703529
128.7805968
129.2850367
130.7597289
130.5860473
131.7151945
131.4535218
131.726284
131.4324898
131.8565272
131.2709206
130.480614
129.6654774
128.6645495
127.0183135
125.7777776
124.5870896
122.8241202
120.8174893
118.7907943
117.4914054
115.7054726
113.0675632
111.6948997
109.8337644
108.2443495
106.2116854
105.9327448
104.9832559
103.4305384
102.111526
101.3776134
100.8917041
100.9665881
99.64910846
99.70275247
100.5273017
100.8232781
101.608768
103.2855493
104.2615064
105.0685665
107.3964222
109.5867885
111.7000054
113.1293804
115.4610268
117.5716831
120.8356294
122.4668081
124.3248229
125.7928002
127.7049873
129.4462987
131.786124
132.9452224
134.0546806
135.0389335
135.1315323
134.6424846
134.3375384
134.0309676
132.8120391
131.5294858
131.2294791
129.6764774
128.1252824
125.7859717
123.4098373
122.1951484
120.4286773
118.7837157
117.4944728
115.0875202
112.6533306
111.8834712
110.980693
108.5985317
106.6185837
106.3504788
105.2302675
104.6763423
104.2291084
104.2701957
104.9935451
104.4412808
105.2804108
105.6005913
106.0386162
106.1998061
107.3840251
109.4746307
110.7907717
110.7450954
112.3945461
112.9639947
115.4473565
116.0819383
117.1251635
119.5134196
120.7194017
121.8883403
123.3344799
125.2579753
126.2498063
126.417193
128.0049862
128.824099
130.3260628
130.4214551
130.4748553
131.0710281
131.1201141
131.0302091
130.3219789
129.2264582
127.7813568
127.4090163
124.868752
122.741462
120.9327584
119.6868795
115.84563
114.3123104
112.4447142
109.2851463
108.5497573
106.8969763
104.4390285
103.3956361
100.8469855
100.4697307
99.66227699
98.6847556
98.12234827
98.71901922
98.24220033
99.28536507
99.42283027
99.72584944
100.0293857
102.6222257
103.0578078
104.3667373
104.9397398
106.755492
109.1102352
110.0767316
112.4716041
114.5812075
116.3282535
117.7676464
120.572677
121.9045677
123.3415317
124.018217
126.7294391
128.5166201
129.2817882
130.7820265
130.1324321
130.8925676
131.1763151
130.8774943
132.2336992
129.6730203
128.698201
128.7540755
126.1288214
126.0058299
125.5433821
124.7562625
122.1759752
120.8016693
120.0336167
118.5525301
117.2617515
115.3276014
112.9249014
114.8853428
113.5237737
111.3238174
110.3445608
109.2534728
109.2617912
108.5141087
106.9651969
106.5892739
106.768326
105.6153708
105.3226231
105.4701347
105.8268599
105.0278414
105.9310319
107.3738721
107.2854831
109.7909188
109.7018106
112.0934836
111.8941059
112.8009188
114.639963
116.4845275
117.0543765
118.9066857
121.020811
121.4423201
123.8914513
125.3998457
126.1098115
128.0605733
130.2601956
130.7406762
131.9038095
132.6093153
133.3527515
133.6505711
134.8810755
135.7795779
135.2736043
134.5814999
133.1387048
132.5921678
130.8053706
129.152996
127.885309
125.1299637
123.1291186
121.4995572