84.73888395
84.6135189
84.33728313
84.81889559
85.15939831
84.39496172
84.24376157
84.30078652
83.83072388
84.33761591
84.42767994
84.20570392
83.93343631
83.95264367
84.52249395
84.28470045
83.79718451
84.67736961
84.54677645
84.97588608
84.42390915
84.2829254
84.97145518
84.80072243
84.09772689
84.63957019
85.16105922
84.96015621
84.70297388
85.09162802
85.79454095
85.86121414
85.63849096
#NUM!
86.85831846
86.38200378
86.39039717
87.18953163
86.00890101
86.3472138
85.87647136
86.11698393
86.18902556
84.86410373
85.94357515
85.5358302
85.67764658
85.49057708
85.35290978
86.42242325
85.82638604
86.22968229
85.85867123
86.59444408
85.06615621
85.78370428
86.22802515
86.00392727
86.82775567
86.5363746
86.18118106
86.30181736
86.51263696
86.14516102
85.96148263
85.19029029
84.77512365
84.90731322
86.53825148
86.40122001
85.47154512
84.74752854
85.52089384
85.48449136
85.27476213
84.26273371
84.82100097
85.42938434
85.03525591
85.52166833
86.07764371
86.68407375
87.69656294
89.19538606
92.06818349
95.56153047
96.84200676
100.8817908
104.9981538
109.0564753
112.4537484
115.2170543
119.13442
122.8532862
128.5452426
133.0016703
136.5942607
139.4014223
143.8460781
146.827771
149.1012974
150.9615541
152.1070801
153.1381549
152.9587895
152.7200279
152.1982462
149.6325008
146.9007975
146.6948853
144.3761372
142.0448954
139.4086074
135.3749576
132.3937027
128.8952721
124.1279304
121.5156843
117.505896
113.7649633
110.4714171
108.1929931
104.8247217
101.4594463
97.97629033
94.6782638
93.81169268
91.99968389
90.32949693
88.45653274
87.95390328
86.47200423
86.83470695
87.33460821
88.63895423
89.25468605
90.55640336
92.66695918
96.66942918
99.21894443
102.8565444
106.1131142
108.4275428
111.4871411
115.6935006
119.1836368
120.9283292
124.2479416
127.7574393
130.5160036
133.7798179
136.3088694
138.4090725
141.1120374
141.4890225
144.0453214
144.9562038
145.273788
145.5140972
146.2232327
146.2600683
145.6383409
144.568473
142.1137311
141.2436372
139.6276886
136.8474843
132.870269
129.1032156
127.3378732
124.0237923
122.4405822
118.4051088
114.7294687
111.636183
107.7379141
105.3632263
#NUM!
100.5815264
97.27400929
95.21682891
92.94299001
92.02240876
91.88036338
90.78649996
89.1998887
89.11312361
90.41113284
91.60895731
92.42693439
93.99453588
96.91624872
99.0840316
101.3006175
104.4837514
108.6074965
111.0095398
115.4090999
118.2932883
122.3803343
125.5808923
128.1760408
132.1546326
135.6370276
137.9219114
141.0583545
143.7688893
146.983779
148.2029182
148.1855024
150.4470325
150.1306395
148.5569045
146.9839865
145.0298164
144.7883071
143.4570901
141.3440212
138.4539783
136.3268121
133.1600271
131.7879024
129.7529511
126.1983471
122.0683043
119.8844848
117.2490562
114.5194787
111.7915831
108.8846138
107.261113
104.2646174
103.0316992
101.1600658
99.33212571
98.14484919
98.38171254
96.92405176
96.84103126
96.10215642
97.89340186
98.04164165
98.66465059
101.2361071
102.6936038
103.9794276
104.9258056
106.2928026
107.5559657
109.4106561
111.2539041
114.7926695
117.2198564
118.970384
121.3850802
120.9413003
124.1939853
125.5210015
127.4642075
128.816971
129.7213145
130.8162574
131.0157652
132.044288
133.1833351
133.0236217
133.553603
132.6797855
134.0443388
131.802862
133.5378242
133.5187014
132.310252
131.6903998
131.4953757
129.9705127
129.4632726
127.9062873
122.8554973
120.5509463
123.4872951
120.9854853
119.9646996
115.8674518
117.0589265
114.9211799
112.7191052
113.0799906
111.3420131
109.8127682
110.0906896
109.0251138
107.3691697
107.8435614
106.581465
106.015923
105.6681678
106.9353644
108.0840776
107.2401628
106.9799524
107.777974
109.5537396
110.8794561
111.376382
112.2545508
112.019692
113.9296865
114.98967
116.9131063
116.5067597
118.4270911
120.2154412
118.9844331
121.5690182
125.7019266
122.7808438
127.1064753
125.2772075
129.5270802
129.208748
128.9275556
129.3905559
132.3353504
128.9890809
129.6170765
128.8941191
127.4085966
127.9735208
126.3606997
125.0500815
125.559458
123.6025258
122.5987717
120.6013694
#NUM!
117.2391114
114.6231003
111.5442713
109.7687492
107.6941132
105.3712609
106.7442621
104.2052918
102.8150602
101.1502639
100.1510658
99.95192238
99.5463423
98.94304174
98.41858656
98.8391986
99.90638987
100.6308965
102.8705153
102.7009132
103.989837
107.7152661
109.3335608
110.6019833
112.8697646
114.1376751
117.6444463
118.3442324
121.0015138
123.775931
125.2690102
125.6554894
128.0192502
129.1380096
130.1438475
130.8044285
131.2702927
131.1232539
131.4080044
130.1106484
129.5325283
129.1442976
128.6318407
125.7012962
126.4538389
124.224382
122.8190661
121.0357846
120.3094555
117.6070077
115.8606722
113.673144
111.477034
111.1849436
109.1118352
107.8010476
106.7659731
105.9243944
102.5720205
101.9191578
103.7614423
103.2055251
102.4169764
102.104964
100.9555984
101.8948392
103.8582606
103.4338675
104.7436739
106.3193406
108.8449242
109.8905691
110.8880792
113.2885794
114.3434997
114.9087749
116.7231299
118.7267689
120.2302138
121.5310734
124.0617669
124.9710354
126.8913086
128.6274375
128.6306875
130.6551455
131.4039234
132.5811891
131.7748257
133.2325628
131.8208552
132.264028
131.489307
130.8996854
131.2969779
128.8619396
128.1740482
126.5495966
124.9550574
121.3967814
119.635995
118.3594518
114.0868492
111.9404715
110.9710062
108.3581558
106.1784015
105.1939438
102.9203784
99.67792778
98.81045257
98.85497598
97.23436403
97.18691657
97.35101826
97.12863166
96.75301362
97.92867941
99.18978215
99.60366436
101.8906426
104.0767556
106.4147847
107.8548838
109.939804
112.1248486
115.9452015
118.2892718
121.1994274
123.4979241
125.9208532
127.5006156
131.3567302
134.3881927
135.990146
137.8580233
140.1795427
141.4857981
142.593536
144.0070949
143.3801976
143.9862154
142.143573
140.8748221
140.6953297
137.3172248
135.5671046
131.6778453
129.7924435
127.2341949
123.6628204
120.2326408
115.3249518
113.2623489
109.7062876
107.5094842
105.5532523
102.5124581
99.14992505
97.01172122
95.93719502
95.2996268
95.90072409
94.93912543
94.10798174
95.22226218
95.18444563
95.69043251
97.42119583
95.92688351
98.48140836
101.8469531
104.7776592
105.2600539
110.0596834
111.3814893
114.5221304
116.956283
119.5562855
122.5333709
125.7355453
129.0430576
131.4939109
133.3783558
135.3108688
135.7378368
138.1978645
138.7977665
139.1154508
140.7596368
141.2022337
138.6803651
137.8486431
136.983884
135.0378895
132.6751851
130.5772527
128.528153
125.6558046
122.4399502
119.6896243
116.9276045
113.2873051
110.9718578
108.2376231
105.3985783
103.2336688
99.53349547
97.43289136
96.29094143
95.75199645
95.22921669
94.85910628
94.58787693
93.293241
94.25024881
95.39143049
97.85260312
98.66097542
100.0454599
102.1804783
105.5764937
107.3995214
109.8934465
112.2460463
114.2359244
118.1910759
121.3477622
122.1578551
124.7111589
126.939173
129.3653032
130.6946137
132.7449205
133.7684295
135.2123301
136.1689724
137.1471739
137.5550177
137.5407365
137.430965
136.2397048
134.1814923
133.4847395
131.6489697
130.8155247
126.9983714
124.3622628
123.2713278
121.9349143
118.5396381
116.7113809
113.4630426
111.7627599
108.6984201
107.71345
105.8627274
103.2944642
101.681534
100.1399558
97.86331709
95.96617489
97.1822583
95.65166694
96.06135416
97.96990634
99.24270539
101.1804233
102.9170472
104.6325952
106.62436
110.2606195
113.3092872
115.9372573
118.4548854
120.1566652
123.1520669
125.9653905
127.9404813
130.7960539
132.3705921
134.4833349
136.2511803
137.9998663
139.2597961
140.4527531
139.9820772
139.50878
140.5968877
139.3280072
138.5808752
138.3034196
136.8695926
135.3186974
133.13975
130.8214914
127.8478619
124.4085353
120.8843531
118.1720488
115.3819698
113.6550976
110.2726572
107.0308461
105.7142152
103.6509777
100.7539835
100.473073
98.51276302
95.94728928
95.26779112
94.95141006
93.98963611
92.5216901
91.95302951
90.83697464
92.72446735
93.80036524
96.75669933
97.99771415
97.86548151
101.0126999
104.7214808
107.7069332
111.6738387
115.4156704
118.3734028
122.5554875
125.1341679
128.4463718
131.5781385
134.2430143
134.9691939
138.8073499
139.7353451
141.4243246
142.6480068
143.3735472
143.4146957
143.1019043
143.8068088
141.7859591
140.2534437
135.925142
134.8672935
131.0144045
127.6602967
123.0102654
119.7340672
115.4369712
110.8378297
109.8363223
104.3797158
104.3624468
99.26322556
96.49051569
93.37499431
91.03521526
89.04699672
87.41021633
87.10517792
86.7244679
86.46184552
88.38713171
89.70130723
90.92225643
92.55203482
96.47370612
98.78527178
102.3477231
106.067196
109.0451682
112.8454354
115.6060905
119.8066923
121.8210051
125.300538
127.2785844
129.6578298
132.8584559
135.7299058
138.237253
139.3849692
141.0437891
142.5744085
142.8880131
143.6787106
143.9502731
142.1200738
141.2854559
139.5125285
137.7004295
134.907595
131.3053497
127.3406014
123.9783477
120.1440022
117.0894003
112.9022734
109.1293278
104.973181
100.9523661
98.07961608
94.62355469
90.98081841
89.96324317
88.09490555
86.94878191
84.78476492
85.02395851
84.76248995
85.26524183
85.24221518
87.92241729
89.93670443
92.09625829
96.91483983
99.26981349
103.8891712
107.606398
109.972839
113.2492865
118.4135636
121.1601003
127.1034317
129.8212503
135.0101193
140.8420465
143.8562589
147.0325292
148.940678
147.9968224
151.0085583
150.8534616
151.6115533
151.415507
151.5370287
149.4608348
147.8197382
145.1169229
142.3103462
138.9710937
135.2327899
131.5520859
128.1452084
123.4308861
118.9536939
113.756684
110.8529474
107.8324525
106.5277628
100.8838381
96.76027661
93.08880799
89.8184704
86.47851895
85.23424414
84.57471635
81.91918313
80.95405749
80.37121456