59.89203926
60.21550477
60.43433857
61.40800879
61.15619175
61.15942986
61.66094889
62.10550119
61.72422468
61.39962393
61.18665186
60.48392436
59.6624352
59.83940338
60.24924318
60.76519458
60.43987547
60.52387269
60.78081561
62.05010377
61.59011422
61.31863234
61.77169861
60.85169554
60.71123246
61.67195478
61.31108266
60.87343498
60.4899412
61.53445825
60.23514606
61.25475068
60.65941973
61.54678766
61.78042688
62.35305776
61.72266993
64.08910827
63.9073486
66.71678844
69.22327815
72.56139259
75.46425782
78.43531335
85.94445949
90.99515693
95.74363627
101.8116553
108.813662
116.6490354
122.2613045
128.3060745
135.5102247
142.0425038
147.3659701
153.2911323
158.7218364
164.2948668
168.3625
172.3399163
176.601555
179.6240553
180.9990648
184.2443086
185.2266873
186.08766
185.0728353
185.4598597
184.3742347
182.3473531
179.2784811
175.2177938
169.8613997
166.3670477
161.1331946
156.3431527
149.7015985
144.0785613
136.9719964
131.7710596
124.979655
119.4170182
112.9812037
108.0843979
102.2057556
96.54180929
90.17254595
85.59158841
82.11858359
79.5187356
75.77245557
70.64422638
68.81123257
66.30621533
64.48135575
64.10637724
63.3720931
65.40043076
65.85797627
70.60734059
74.97773696
78.16771401
81.01689009
86.23310702
90.35250964
97.28917351
97.42888458
103.2400064
#NUM!
114.8620162
122.8908746
127.2524546
131.5254052
136.9683466
142.9778129
148.9122833
154.3378151
160.7244405
#NUM!
169.2199542
172.7100058
175.3460854
177.0550969
180.792374
180.4998928
181.870486
181.1054288
180.2088239
179.1499204
176.8804988
174.0819471
169.8263441
165.0481549
#NUM!
150.9968591
144.7482258
140.937042
134.1028368
127.2547633
122.7143995
#NUM!
#NUM!
103.8189766
97.58513108
91.62065573
#NUM!
80.98771104
91.330966
73.15172419
86.08526889
66.91217691
64.45289662
62.2590804
62.35258082
63.05287833
63.57563367
64.05906183
65.15625622
67.56389123
69.97284532
74.83155118
79.17306361
83.81795256
89.05842123
94.98891471
101.1139633
103.1708275
109.856572
116.9827384
125.1246033
131.2354442
137.02549
143.6049438
148.6751633
154.7845992
160.6312144
165.549861
170.2048418
173.6894196
177.890013
180.5743987
184.0512034
185.3193233
184.8007394
184.3142378
183.9519851
182.8181186
180.1332857
177.3330819
173.9311225
170.0979377
165.9058318
159.4328048
153.1253288
148.7548626
143.3625326
138.2154748
131.9725337
125.4739275
118.6125499
113.8343796
107.5905848
101.7998172
96.89554853
91.44657558
86.44152744
83.04020221
79.91466019
75.22880821
72.87603334
70.97057408
69.92859186
69.3100361
68.69715326
69.83023849
69.29486414
69.08259953
70.20659068
73.34631042
78.79188915
80.89747744
85.86851114
89.59629912
93.42545769
99.21084392
104.1643084
109.3039152
114.2400621
119.8745631
126.1285063
132.1047432
137.1005659
142.1251688
147.8746898
153.6489715
157.4572957
162.3826907
166.7135558
170.4218253
173.2594659
176.0628921
177.0814602
179.2791987
179.1197788
179.603656
177.5867373
176.2996061
173.6148722
171.6195449
168.1136929
164.0816654
159.9958708
157.0449716
152.555115
147.0398934
141.6545016
135.3987554
129.2237336
124.5600662
117.4826264
110.7908781
104.7271632
99.57872822
93.98778507
88.14761994
82.43343924
80.0370575
74.90306068
71.39302344
67.20946824
64.74015947
64.2695391
61.44992784
59.7310677
60.9092218
60.88196196
62.43304852
65.65739427
67.13147061
71.00626212
75.91789333
80.69356686
86.79608751
91.44624749
98.46767672
100.1042516
107.7043692
113.9500628
120.6595959
127.5525507
134.0733792
140.8950074
146.5452879
153.4110041
160.0670451
164.2298781
170.4893535
175.012004
178.1693692
181.2272621
184.422252
185.6853426
187.0759395
186.8702805
186.6261368
186.2069864
183.7810862
180.9848212
177.5794551
174.1837935
169.8471102
164.0363451
158.3671052
151.9679957
147.8358091
139.5601136
135.0463458
127.2288429
121.2315839
115.4017876
109.6947754
104.3960192
99.3901132
92.33795022
87.93166513
83.34115127
77.99705636
75.68525388
72.43803482
69.27760646
66.99047639
65.7486635
66.51773377
62.10514307
64.29695764
67.35839082
66.52604555
68.95390832
76.40714664
79.32354047
78.63546498
83.43219575
88.85988446
92.3929801
98.25690995
103.1316163
110.5564044
117.1893863
123.1376453
129.7594459
136.3247257
142.6315826
149.1144573
154.3752398
161.0233815
166.970195
172.0538208
176.4529949
179.8622789
183.3908274
185.9430513
187.7328553
189.7480869
189.5471584
189.7423609
188.7181911
186.5072317
184.1718184
180.8237318
177.1850653
171.1511975
165.8010421
159.901072
153.1588421
145.5664113
137.8597951
130.2415554
122.6964979
115.4389847
107.5230549
100.6091223
92.1645278
86.90774447
80.31108041
74.4738844
69.5242066
65.89952789
62.46391612
59.0415502
56.22697154
54.499652
52.81778279
52.21142042
53.66931351
53.87385771
55.01454303
59.11053196
63.21266309
66.15126672
72.07029846
75.56739969
80.21733355
85.55895296
92.07550274
100.5405618
107.8502908
114.5961618
122.3094444
130.7681036
139.1750233
148.0303091
154.0447035
159.0613505
167.5963688
172.6582389
179.0205351
185.5198396
189.2410951
192.7474316
195.7221345
198.7115156
200.0654985
200.4687968
199.7557339
199.0924718
196.5799462
193.85557
189.9416445
185.957277
181.5930462
175.4060217
169.0252019
162.5005909
155.6574615
148.1096177
139.9262791
132.0419869
123.9281673
116.1410337
106.8035116
98.58476518
91.47140063
81.71901771
76.27753921
71.11065318
64.54900576
60.75005302
56.67393942
53.03333692
50.87003419
48.13351366
47.04517597
47.20813
47.96717484
48.64412429
50.55383402
53.70450917
59.02796903
63.07510081
69.29057878
74.09349041
80.01150517
85.35357387
92.85986726
99.34076475
106.3335723
116.321371
124.7682478
131.6073293
141.4135068
148.2163946
156.4365334
164.1097841
170.8068295
178.0768682
183.6287147
189.0075194
195.0882494
197.8496898
201.2096076
203.0275231
204.2085021
204.6924216
202.8417319
201.6258717
198.7418258
195.0895771
191.1761016
186.0649405
180.1919125
173.6459852
165.3291333
157.061185
149.2072998
140.1200034
130.8296565
120.8718032
112.0695604
103.2303389
96.34691525
86.70515418
79.88786666
69.71473569
64.17650401
57.66138571
53.01484118
45.66920653
41.8843966
39.18033278
36.74364909
37.81316989
37.63287632
37.09288173
40.08783348
42.88622497
45.7948884
50.50347295
55.91774249
61.09645733
68.78466097
75.87561733
84.5904595
90.67841813
99.7559607
108.0575941
116.3235946
125.8957478
133.2231564
142.1078042
148.9073091
157.7225397
166.8608122
174.1275319
180.4147267
185.9466333
190.8734231
194.9004267
199.0704296
201.1432022
202.3976217
202.1940629
202.6266669
200.6628338
197.7932434
194.9325991
190.3396733
184.7097296
178.8418282
172.0053311
164.5429638
158.001073
148.7031465
140.8075015
131.338313
121.4884895
112.6825525
103.7774364
96.09217313
88.95317435
79.88730611
73.61017471
65.63189843
61.70724141
55.52576613
49.13052331
46.46828379
43.3155393
41.45046654
37.99534368
37.02030416
40.46190082
42.15935412
44.11782083
46.4822097
49.83292496
56.13723561
63.54136761
69.77012292
76.25217804
82.93950554
91.16773726
98.92953545
107.9636141
116.6467066
125.7177905
135.3299704
143.6927363
152.1045966
160.7029905
169.2262264
177.2701012
184.1455046
190.4813722
195.8664243
200.9101133
203.5849597
206.4628942
209.4901862
210.0467737
208.6297896
207.3562227
205.6857134
202.903833
199.1209428
192.6350294
188.718498
180.4932313
171.9833461
165.7783955
157.1007369
149.156009
139.6257103
129.8381151
121.5235897
111.6170354
102.2802919
93.03548013
85.04887888
76.53659275
68.90902584
63.23558166
57.42062355
53.9093802
49.19711094
40.53741065
38.80421137
35.3426247
37.36296355
37.22968056
37.82298552
35.56303913
#NUM!
46.19137989
49.7442463
55.06705564
61.89660912
71.68936359
77.14877953
85.83335187
94.29726468
104.024391
114.2872734
121.961467
131.7220993
140.6575561
150.2927253
159.6827846
168.1096814
176.06556
183.2947673
190.162492
195.8130182
200.1753808
204.9182087
207.3268787
209.9622451
211.3866452
212.1536924
210.5892556
210.2133832
206.1078464
202.925145
197.3120441
193.0317969