83.94764762
83.5770053
83.27410638
83.85160141
83.24908698
83.28644875
83.8123997
84.17452309
84.08163352
83.26888022
82.831773
83.3121331
82.8016075
82.00841208
82.90222512
84.83806528
84.75262656
83.51166355
84.01403506
83.58278335
83.76375367
83.18491956
83.14243262
83.38372998
84.45052584
83.13397923
83.55155873
82.86583187
83.39240086
83.56355991
83.79329733
83.71288062
82.89220894
83.26988098
83.85315608
83.45242528
83.23162815
83.02885415
83.56433776
83.6118947
82.95130107
83.39984878
82.2596011
82.43667017
83.22306529
83.09137605
83.14043052
83.22039631
83.61345022
84.73411827
83.96796456
83.42819419
84.67703708
84.88659534
84.11792601
84.1637591
84.47115269
84.21025326
85.39120397
84.87806417
85.12828279
85.95661894
86.92870488
89.23513976
89.91685436
92.61217378
95.99949468
97.52633994
101.0609634
103.9525986
109.2768281
113.5713368
116.5782175
120.0977808
125.0722598
129.7915007
133.3091711
137.328693
140.3818784
144.6635955
147.569535
150.3078458
152.6829907
155.1912022
156.6972369
157.5056178
158.0484557
158.3768075
157.6511981
157.0007716
157.414755
155.7236938
154.4386124
151.8468074
150.2522309
148.227072
145.8412455
143.093902
139.7767818
138.0184166
134.3497582
130.3092036
126.2018127
123.6398814
119.8409976
116.0826797
112.9492287
110.0278236
107.1097468
105.9622917
100.8591621
98.43026471
95.1642324
92.88430353
90.54490146
89.19692355
87.31090941
72.08738841
86.99290432
86.97944741
85.75849148
83.74742606
86.43777292
89.19780212
90.12080347
92.57419201
95.39229957
97.275959
101.4985291
104.3022703
107.4483599
111.1398185
114.6987153
116.8459039
120.8664247
124.7254576
127.8411486
131.4927599
134.6985592
137.8248798
141.8389972
143.8171976
146.6135521
148.8781886
150.8140127
153.3496727
154.2724755
156.1742529
155.4485239
156.4523375
158.5142879
158.5453542
159.0701216
157.3618879
157.7788063
157.5573462
155.8113118
153.5845438
150.8155658
149.1961092
146.7067115
143.3342684
138.4904439
134.6520916
130.6768165
126.2282777
122.797586
118.6288223
116.3281476
110.3499933
108.0369835
104.9241978
100.9460092
98.49005806
95.39870902
92.02776208
91.49360006
90.0567762
88.68809467
87.63377691
86.4885669
86.44318384
86.38222466
86.18018668
88.11856718
88.72656825
90.37048079
93.32943186
95.51852105
98.42301996
99.5882278
103.9723449
108.3908217
111.4915032
114.685035
118.1051342
122.2851113
127.6323905
131.302001
134.8686508
138.6385905
141.4724842
145.2207397
148.8045048
151.7731185
153.6398711
156.4021358
160.2923145
161.9189766
163.462879
164.0563273
165.2334863
165.4244683
164.7367716
165.124657
163.2650697
161.598691
159.5812686
156.3181542
154.214268
151.1284455
146.5507864
143.9626348
139.1163881
134.7753062
130.7092701
126.3326622
121.8712697
118.2399107
113.4272605
107.6769128
104.6285206
99.79297745
96.51751854
91.98220261
89.54856127
86.56265025
84.60465004
83.009495
80.55133861
79.67894859
79.79693434
78.82235675
80.28352987
81.22946496
81.67169585
82.26506249
85.64103507
87.39621978
88.39142143
90.98049004
94.19735158
97.1387073
100.4566849
103.9557108
108.3313604
111.4996952
115.7899083
119.1686396
125.5484255
127.7277517
132.9838999
138.1234615
142.5401033
145.5790744
149.6412029
152.4409933
156.4832224
159.1926037
161.2054729
163.897805
165.4392933
166.2233693
165.9441234
165.7617193
166.0239989
164.0230579
161.9452616
160.4538284
157.0753329
154.9347836
151.6976676
148.8436787
144.9858983
141.7265756
137.8181051
133.7961166
129.1839114
124.3822443
119.2680186
116.0172262
111.40394
106.4238791
103.2652486
100.4284363
97.02808343
94.40673659
91.67181975
89.71030382
88.90845444
87.99826656
88.2538024
87.81440313
87.77564007
88.99865944
89.91060307
90.8004056
91.90254667
94.54425586
96.32554598
97.75129893
101.1781613
103.5417859
106.4199204
111.594377
112.89898
119.8587304
122.6721724
125.0948582
129.3675037
132.9765826
136.6045865
141.8542843
146.4867738
149.8836041
152.7008886
156.2037983
159.0186299
161.5536398
164.116994
164.8928793
166.9018698
168.1262418
169.2322929
169.1242248
169.2488473
169.0116284
167.3044929
165.3633142
162.348474
161.238776
157.6718471
154.241666
149.6610932
145.1105899
141.2405163
136.0191518
132.3106703
127.3233923
122.9937367
119.2221849
113.322986
111.2263418
106.7785931
102.9478878
98.28232655
95.19889878
91.85391715
88.22761646
88.01180594
84.81878478
83.21439104
81.71433041
81.03198188
80.29439352
80.89714196
82.17165185
81.53941143
83.49210358
84.9668027
87.03172876
88.78075616
91.69903973
94.25046648
98.01102254
101.8950544
105.3477994
108.4897729
112.0425531
117.1885399
122.5780249
124.9412868
129.0542719
132.2076579
137.1153721
142.1300558
146.3971322
149.9679204
153.3216438
156.2846847
160.0666325
162.3468249
164.9436434
166.5389175
167.963823
168.7459053
168.6528352
168.3796761
167.8253642
166.5396379
165.7896159
165.5059021
161.7610548
159.1546317
155.8567728
152.8021696
148.9820257
144.3165217
141.1433517
136.1103395
132.7200378
127.631866
121.8547258
116.5894385
112.8487289
107.4682364
103.8283147
98.86664669
95.08782912
91.57571937
87.94366505
85.50861247
83.33281291
80.84211972
78.60003277
78.03232082
77.46373132
78.14518947
77.30346779
78.83090073
80.76729084
82.69695796
84.94442581
87.33306507
88.1919662
93.02370154
97.56120383
99.91491395
102.9912989
109.3139394
111.5451223
116.5498467
121.0159604
127.162623
130.8456723
135.3678599
140.4496309
144.7432416
148.9726992
152.6364348
156.5623438
159.4192889
162.0366905
164.1999066
166.231912
168.8652984
170.4082579
171.8108512
172.4006249
172.1729875
171.3523959
170.235576
168.2331105
165.9485495
162.9803852
159.7421036
156.2109263
152.2997561
147.6465796
144.1318478
138.2465269
132.9617388
127.5057568
122.391078
118.5174466
113.0697937
106.902216
102.358047
96.44800289
93.65156364
88.91416825
85.8680689
82.03606919
78.37532572
76.62505022
75.51883956
74.05360286
73.41141214
73.05158444
74.59303619
76.48545369
77.92832035
79.71517806
82.88208123
85.95805594
90.3179902
92.06435997
97.07229188
101.732552
106.8714189
111.8675191
118.0382157
124.3283987
130.3652257
136.4068216
142.0339771
148.2626283
154.5507767
160.0244439
164.1381086
169.1819096
172.7515009
176.0635078
180.0960798
182.1443204
183.710226
184.5547318
184.3740299
185.6327345
184.7212979
181.881448
179.7351735
176.3492658
172.2620515
168.3199193
162.7077288
158.0373069
151.2235846
146.2320526
139.4893082
132.834725
125.4489188
120.1004191
114.0560765
108.6352441
101.7844275
96.84417452
91.41135931
87.5536857
82.39867732
76.85276537
73.76398452
71.24238329
68.56142462
70.59200853
67.65539182
69.46749668
69.36596816
67.50990802
72.79377024
69.48381645
72.35049723
76.66406848
80.38409126
84.10482998
88.2452206
94.31957418
100.2010047
106.2708654
111.2666741
117.2006011
123.1510142
130.0466568
136.9608386
143.0353906
148.8864791
154.4637335
160.5962538
164.1558242
169.0597523
172.0857702
176.2585645
178.8735101
180.2267601
182.2661208
182.5067396
181.4569827
180.9746765
180.1319533
177.9521624
175.746325
171.4624434
167.8348281
164.1956837
158.9944831
153.3181273
146.2244779
140.8824176
133.4317575
126.9329801
119.8991561
113.031342
107.853602
100.4767387
94.4721274
87.5427782
83.08459031
77.91378272
71.50830862
68.2925485
66.21339866
63.2240633
60.07554792
58.90205305
57.5144492
59.17694353
59.33064129
61.06094408
62.09045939
65.1394194
67.7434813
72.66466784
76.87141477
82.11022139
86.9370888
93.76267815
99.52939308
105.6652764
112.4663962
119.6523585
126.1282963
134.1385613
139.1840839
146.4689288
153.6660347
159.9421278
164.7917604
170.5276907
175.8348846
180.525719
183.5040894