58.12205537
58.99122211
60.00366145
58.89853392
59.29867679
59.07440764
59.12071338
59.20444647
57.83432386
58.55150694
58.29344806
57.53218107
56.90286731
56.64603902
56.32343241
56.78377519
57.87033121
58.85739158
57.62289104
57.32087031
56.99746737
57.91975303
58.33690964
57.97806518
56.98839002
56.58690432
57.98355382
57.92353536
57.3660418
56.97035653
57.37889332
57.31229985
57.00642159
57.97977277
57.91231013
58.54737312
58.7082793
55.79089628
56.5559148
56.69741148
56.66361558
56.66287814
57.19974238
56.23682964
56.57915748
57.16408582
58.77252908
58.24973236
57.1488897
58.14447856
59.32204532
60.39557585
61.63845676
62.98167965
64.489267
67.47737267
71.03009007
74.68359443
77.99581697
81.35414187
86.25984115
90.59999885
96.31296272
100.9763925
106.0689086
113.3213931
117.7869976
124.5735254
130.5698192
136.8753282
141.7863751
149.2608689
153.5921966
159.2187091
163.2457001
168.1134872
171.9699906
175.1723261
178.3863579
179.040015
179.4958142
181.0026513
181.7697781
181.7044139
180.0347866
178.8374194
176.8713686
172.9181951
170.1677341
165.0702924
161.9204197
156.0855113
151.2333156
144.2170202
138.492215
132.3995588
124.6005485
119.637473
114.0267885
107.3122038
101.5195231
95.31603294
89.92826002
84.38708681
79.47833529
75.40546761
72.09862825
68.83710544
65.63025344
64.27048462
63.00248303
62.01738371
64.60507043
63.0770021
63.91693727
65.16555716
68.6620957
73.3744086
76.7026301
82.43633593
84.48401628
89.78863354
96.88807028
102.193386
108.7128261
114.6344482
122.5108326
127.9638712
134.6734982
140.2766542
145.4697745
151.6725168
156.9948851
162.4649328
167.0632136
172.664299
176.931484
179.4083699
180.9474187
183.6864691
184.8353411
186.3930306
187.0003278
#NUM!
#NUM!
182.7550254
180.5315606
177.8549381
#NUM!
169.0402149
164.2601583
158.6901531
149.964295
142.8918588
136.6909448
129.4365544
122.1137127
116.3509125
109.8043483
102.8798649
94.50237235
90.04405755
82.69873944
80.41891227
74.36425365
69.74780748
65.04862096
61.25990511
58.85739158
57.15636538
55.20216695
53.67607773
54.99678656
56.48702856
59.03281956
60.84400809
63.2214508
67.4027239
71.91403509
78.54029661
82.47510521
87.91217841
95.38893187
102.9196262
109.1038354
117.0768088
124.4508101
132.7891438
141.3968638
146.857957
154.649601
161.488175
168.571795
175.4630833
178.8604888
184.0696338
189.0926062
192.6694656
195.6799598
198.0883298
198.6037446
198.6512009
198.3536985
197.8875586
194.1396626
192.4608004
187.7711151
183.0727345
178.3122182
172.5870581
167.386081
156.5699872
150.2955216
142.1639525
133.6950825
124.9816522
118.0138999
109.5583239
101.6122127
94.37518111
86.46924374
78.24349901
70.58601381
65.60675239
61.4173515
57.42172479
52.75426332
50.04573006
47.71905126
47.02525172
46.27153664
47.93497789
50.6062246
55.44752837
57.35478064
60.00498846
69.53647292
74.33419267
76.09249586
81.64379127
88.4365163
99.82729445
106.2398312
115.1571653
123.6073663
132.8329478
142.5898977
150.8350315
158.9078007
167.7651851
176.3457774
182.8470019
187.8861993
193.6916035
197.9632953
201.8147657
205.4309097
207.9226951
210.0325159
210.7268285
208.8268966
207.0106059
204.5982304
201.6747278
197.7112775
191.4779418
185.5358068
178.2515106
171.1007419
162.8276762
154.2262612
144.0972585
135.9906677
127.3650507
117.9899008
107.861079
99.00624764
91.08413501
81.67225392
72.82718155
65.3024384
61.61273133
52.96487819
48.50534691
41.24177927
35.97237386
37.59614482
38.06019926
36.84089727
36.52977121
38.659545
42.82128908
44.11673497
47.66238157
53.16060385
55.66568169
63.37826377
68.71572494
75.12158642
83.93809944
93.44921649
101.7187753
111.6941552
121.4820596
130.5959934
140.8755504
151.6062746
161.3681694
170.0522968
179.3261519
186.9641073
194.776433
200.5027691
206.5394242
210.5630848
213.8106472
216.8108318
219.0045496
220.1572609
220.1768845
218.080487
215.9599151
212.3170871
207.1854548
202.3371464
195.205188
187.5924982
179.3436824
169.8691098
161.4043572
149.8497317
141.147305
130.3203035
121.4864867
111.8367838
101.5854082
91.99520436
82.44446886
74.13667736
66.84624607
56.92863909
52.94524063
46.28349517
41.60019193
35.31965812
35.03284806
33.04996821
32.45736129
32.81319351
36.29348042
37.26010891
38.72250955
40.93600027
46.10477459
52.27682946
57.31793191
66.18737552
74.62489369
84.05665991
87.90182923
100.5186772
110.5562979
118.3322893
129.6716584
139.9134745
152.1581998
161.6275564
171.7244463
181.5261421
191.1598489
198.5582269
205.3064593
211.7167298
216.9083891
220.856255
224.196719
226.197394
227.1335825
226.288824
224.3643863
221.3850026
217.3707232
212.1388288
205.3413179
198.6738573
188.0484372
180.0061896
169.6273114
159.6960928
147.0121995
135.8179788
125.0678452
113.0058483
102.3226656
90.81639117
80.47264931
69.68351043
58.99849931
52.70937929
47.04596759
42.5832972
35.36558282
33.22838036
31.13297875
32.57984963
33.15882065
35.11761187
34.01248806
28.52868996
44.42205931
36.07272147
42.62868405
49.24903439
55.77606843
64.79110696
355.2858531
83.25286778
92.67612595
102.5869641
355.6269447
355.661265
138.9802596
147.8850579
356.8184679
168.9146586
180.4999953
189.2000873
196.8104806
203.1793531
209.5756383
215.0828349
218.719595
222.1767768
223.9811845
224.235232
223.6171694
222.2127598
219.6532284
216.8517267
211.2107012
205.7798859
197.9620705
190.5506865
181.9540829
173.3845453
160.6322457
151.6790374
140.992185
128.7259813
117.9119793
106.008965
94.42251372
84.03712403
73.77573399
63.93291747
53.11069136
46.94908417
39.8799054
31.26863111
26.69407992
22.35839001
21.44532291
19.93085147
17.4113548
14.60897991
20.10481878
21.73373881
28.16216512
33.19652936
39.63183565
42.21341077
55.22510824
57.14913481
65.92053572
76.01421328
83.68522011
92.29088675
104.1136663
115.5636013
127.0883186
140.0903372
234.4305863
235.2509138
235.1775504
234.4376899
234.7186845
203.2091272
234.4923877
235.5065136
224.1233506
227.7859795
230.975947
233.0922507
233.9809134
234.3570126
232.5324723
231.4367547
227.4491739
221.9845596
213.7100904
205.7495144
197.6470716
188.9938154
177.1361353
165.1395866
155.0568468
141.203482
129.7210002
117.7185795
106.310459
95.06489543
84.41570202
71.93721587
62.48262517
52.94234512
45.83065531
40.00279286
35.40159938
31.75562199
27.90251226
31.50025549
32.52351108
41.65264542
42.12523974
25.33912629
25.90947695
366.8999042
366.4929458
366.2774418
349.0926228
323.5833059
324.0014373
322.8944645
322.2057011
349.5400989
325.3183609
321.866451
#NUM!
358.1801181
355.3927403
308.0804841
350.1565867
308.5653114
278.6163909
349.7436502
349.4464768
350.8703014
365.2040238
281.5931125
358.0841103
357.2763842
280.0126339
321.8918496
352.7874725
322.4907233
233.0088194
231.9781359
231.9344857
278.0315992
278.5949681
279.2256102
322.8596943
322.4188634
278.5723328
321.1991219
321.4727688
321.1926713
324.0829664
321.638467
324.7254128
316.1572096
277.5042846
252.4531299
277.1167183
276.6971032
251.8322766
277.5714886
277.2610338
274.3627991
252.8472962
274.5461625
278.4929066
321.2367171
254.2673631
254.2402254
252.9802682
254.3851277
253.4785177
233.7281072
234.3946621
234.0563173
254.8562741
254.9131788
312.6673255
280.6094645
323.8141913
358.7767881
359.3796848
358.2245996
357.8695509
280.9379274
280.775263
281.2078856
313.6032529
314.5275397
365.6591923
370.0881787
330.1820577
281.4079261
364.1080294
281.9574164
257.444719
280.619467
348.6455418
281.4408618
283.3238251
255.218049
284.2662731
282.8630836
282.854598
282.9097544
254.7778019
332.9637693
282.8507592
282.8999556
283.089264
363.9665624
281.5803829
234.5977231
282.4088935
282.4788009
282.4179855
350.9926075
312.8959171
361.8825122
364.1944588
364.1095387
356.3353833
364.6987425
255.3784287
324.9419758
356.3383019
356.1911608
313.5298485
362.0086944
362.6502632
362.8229289
312.4210848
366.582789
312.7808654
361.336622
363.0509347
365.0883189
362.0195618
276.7453111
234.6156848
280.9303499
362.8721324
363.4279554
281.9460005
278.882252
280.1329721
260.6799253
359.7022107
234.897282
310.8880079
311.9597531
362.2772575
362.4744772
362.2467688
362.9656088
362.4270842
363.213838
363.1401845
363.1596041
363.159101
290.2909418
287.5964696
287.3750052
283.8137442
285.8013306
284.7376758
282.257965
285.6145831
287.0052846
267.3868348
266.5141666
284.7846435
285.0981617
284.8162582
366.8242476
286.80098
193.4772636
192.7101348
364.4505257
365.8025629
369.7672736
289.3205069
367.3291916
286.1524983
287.8348961
367.4987117
367.4796973
368.4765779
285.2578472
367.9947915
366.7384294
367.6747701
332.3777766
332.165115
308.4924923
192.7022667
192.5107706
370.3859435
370.1027652
368.376177
369.6526925
369.7971511
369.3865088
369.8206909
369.8077138
370.3692446
370.2814244
369.8281351
282.0606644
288.0705921
244.2111855
244.1435747
377.1174029
377.388149
377.8202117
376.1988412
376.5607171
234.550231
375.2773369
375.3849577
375.5464888
376.1730933
413.6599154
416.1961052
316.1309973
413.1822408
233.6684312
316.8090799
317.6327082
316.7005035
317.8770682
230.2985435
217.3277972
216.9892618
218.9911259
219.1085825
407.7704016
225.356591
407.2337721
186.2334916
226.9237225
185.3916904
46.16783982
72.86985579
76.4038646
88.88043385
100.0301408
112.7548065
124.7101075
136.7581094
150.0783345
160.5127178
172.4754049
182.5993365
192.6462697
204.001954
211.6899531
217.6922523
224.5991138
230.1650254
233.5388272
235.9904978
237.7620246
238.0230248
236.2585539
234.8207697
230.2282818
223.1794524
217.0458212
209.7332988
199.0837978
189.7629134
179.1224444
166.8247963
155.2493862
141.0693825
128.3592381
115.2129205
102.1420766
88.63994368
76.32361481
65.21076152
53.60090224
41.52480345
35.07822271
24.29443353
16.72578867
12.75162994
#NUM!
12.22780654
#NUM!
13.18569055
7.474916184
#NUM!
6.487891464
#NUM!
11.99083316
2.014841922
10.86687035
15.00582743
22.90542696
30.84388718
39.00367911
48.35062496
60.18127836
70.06317916
78.27175957
90.07958131
102.1248652
111.4461798
123.5555929
133.7034413
144.6601687
156.4214522
165.9807676
176.8487994
184.4646378
194.203507
200.777906
208.35882
212.0449637
215.3000813
219.3425742
220.6905364
221.6169839
221.4040127
220.0839513
215.7703662
211.6374175
205.5334441
199.9691837
192.850737
184.1834907
175.6112749
165.056701
155.7968468
144.8401209
134.5846328
124.3256643
113.9810509
102.7056428
94.5494775
84.77689677
76.68759044
67.47912199
59.86403299
53.52092359
46.91514163
41.15849599
38.77081847
33.55122505
32.34644814
31.52125953
34.13052665
31.85243138
32.32577636
34.57938563