74.61237861
74.98523776
73.44544242
73.49602426
73.99854991
73.3901699
74.89839996
74.01485021
74.50894024
74.78800124
74.94102607
73.57136818
72.71823818
73.65422579
73.71755275
74.0599852
74.24570157
75.27150563
74.69701677
74.99182923
73.70146548
75.02694365
74.71521567
74.63536049
74.54535792
74.45191566
75.22256212
73.34082755
74.25766124
73.89662575
74.49698981
74.31494762
74.9567111
74.50541206
74.95023259
73.29124896
74.59428779
73.72998846
74.39362875
74.98512411
74.39567807
75.6370509
76.79398507
76.33980208
79.48910912
80.02271254
82.92871125
86.21322115
89.4199219
93.37357735
96.72493652
103.6005173
106.9048893
111.2732718
116.5573629
118.0344098
128.0852198
134.9279542
138.4563746
145.3943095
148.9215064
154.500536
159.476344
163.0675555
166.9965369
172.8735182
175.3106774
177.6610971
179.1145501
180.059591
181.5636413
180.2009319
177.0261687
178.1791114
#NUM!
#NUM!
#NUM!
#NUM!
#NUM!
#NUM!
#NUM!
#NUM!
#NUM!
#NUM!
#NUM!
#NUM!
#NUM!
#NUM!
#NUM!
#NUM!
#NUM!
#NUM!
#NUM!
#NUM!
#NUM!
#NUM!
#NUM!
#NUM!
#NUM!
#NUM!
#NUM!
#NUM!
#NUM!
#NUM!
#NUM!
#NUM!
#NUM!
#NUM!
#NUM!
#NUM!
#NUM!
#NUM!
#NUM!
#NUM!
#NUM!
135.3667118
147.3570514
#NUM!
#NUM!
#NUM!
#NUM!
#NUM!
163.4870891
169.0100859
172.0559782
171.5814261
173.0509898
175.7043533
176.8074565
176.1502124
175.6621759
174.4938313
172.3341638
169.1505481
167.402028
164.3077407
159.7171382
158.5490697
154.8477543
150.4046767
146.0762991
138.8296417
134.5018196
131.3768215
126.464129
122.0346948
118.0577737
113.7287673
109.8404789
106.2720425
103.3963879
100.6027624
97.07185848
94.70654094
92.55367208
91.22167808
90.20148448
90.56987672
89.41673844
89.07347045
89.05391737
89.84676999
92.9535704
94.1012322
96.28681914
98.80094234
102.4379447
105.6575659
109.4284628
113.0798844
116.4522369
121.4008926
124.894087
129.6789917
134.2089633
138.1326318
141.4789331
145.8588885
149.6372662
153.7684116
156.7837878
160.0467245
162.3236356
165.0706013
166.8846854
168.2275563
168.7726432
168.8777414
169.0472072
168.9362534
167.2744498
165.563553
163.3744847
160.2496138
157.152267
155.0162286
151.3843491
147.9126367
143.9107981
139.1054524
135.6314965
130.590968
126.2186159
123.8031812
120.2814947
117.4865399
113.9774428
110.8294191
107.6252025
104.842624
101.7257713
100.0502065
99.24648547
98.38127999
97.23523062
95.91982817
95.83635211
95.51298174
96.69946011
98.29638639
100.0196762
102.5978223
104.9482074
108.0965715
109.9680437
112.0835954
115.7990189
119.6146693
123.8987104
126.7730051
131.2093858
135.5403869
138.5118019
142.162081
146.6175981
149.2144493
153.1691856
156.1364426
158.3730917
161.2805331
162.7932588
164.3466713
166.0528194
165.8400556
166.1199289
166.5588825
165.4789293
163.8968779
162.7431777
160.8022983
159.7732584
156.5821754
153.8189779
151.7071897
148.5081895
145.0073903
141.4071616
137.8067444
134.8951706
131.2275954
127.8218477
124.3289246
120.3025972
118.2242669
114.3359676
111.2359195
109.1063953
106.7420161
104.6795589
102.4420307
101.3273247
99.86560234
98.98993351
98.44594341
99.13426242
99.9728534
101.1918404
100.4523722
103.5247132
104.6363481
105.9812397
109.2163591
112.2429634
115.9966785
119.1633589
122.0669347
125.7797736
128.8105768
131.0564799
135.6145899
139.5500136
143.590294
146.6341969
150.1208001
153.5690312
156.2359259
158.3291212
160.9871886
162.5117211
163.7512232
164.6912557
165.9441234
166.3942182
166.1904334
165.283009
164.8081332
163.4017863
162.4019632
159.7817176
157.4841415
155.4086356
153.3544304
150.2640375
146.976622
143.6545029
140.8996895
136.7689556
133.5342714
129.7513798
125.7617043
123.2577496
120.089866
117.0869666
115.0504166
112.1806652
109.4922229
107.4951652
106.3364614
104.5714739
104.9862569
103.8621245
103.1087332
102.9643284
103.8474201
104.1878044
104.5276138
106.4022663
108.0547108
110.0515853
112.0492518
114.3700204
116.7780624
119.9215321
121.4332546
125.3566557
128.7386657
132.2990621
134.9762932
138.3803155
140.2972624
143.5269141
145.996083
149.0417142
150.9084403
153.4800906
155.1760101
156.7251236
157.4445955
157.6628648
158.4686683
159.0195586
159.3347872
158.8925278
159.4343524
157.9626706
155.4328167
154.2921189
151.925358
150.1543576
147.6969733
145.4505712
142.5495633
139.4878504
136.4180873
133.491532
129.5236227
127.5808781
125.1341679
122.5681253
120.5710947
118.6369584
116.7244
114.6100554
113.1817415
111.849865
110.8300579
110.0685272
110.0324055
109.2487804
109.2653105
109.7717336
109.6368926
111.5692713
113.4029449
113.9360541
115.11593
117.1635707
118.979574
121.0947281
122.7474642
125.8999495
128.0372899
131.1786175
133.0992994
136.1243198
138.1463871
140.0854448
143.1861863
146.3693258
148.3860862
150.7297286
151.9415025
153.2035258
153.9663275
155.3068453
156.0683618
156.0721843
155.4757012
156.7225415
155.1965763
153.9526787
152.681025
150.3513426
149.8153408
147.912222
146.2241666
144.4021015
141.0156983
139.2601085
#NUM!
133.9996283
132.5710468
130.1233207
127.9384885
126.2253372
124.3362864
122.4915589
120.1351379
#NUM!
117.7596097
116.7483209
115.8576003
115.559045
115.3721137
114.4755663
115.0250794
114.3370285
116.4251333
117.3149644
118.2347313
119.2547122
121.3579878
#NUM!
122.7486225
125.4039439
128.0218723
129.8807476
131.4172126
134.2554437
135.4222397
138.068543
138.336554
140.8573419
143.3516219
145.3979427
146.8435383
147.8037709
149.3980496
150.1117892
151.1392122
150.8393802
151.9641666
152.0014223
153.5203211
153.325057
152.5037971
152.4752407
151.6179706
150.524182
150.181804
149.576558
148.4292067
146.6146933
145.4756912
143.6182428
141.6983911
139.3337347
138.0806315
136.6888589
134.4422918
132.1158298
131.0026818
128.8022957
126.7172614
125.6313246
124.6232602
122.8627624
122.243607
120.9987721
119.9554119
119.2694971
118.2083057
116.2559321
#NUM!
118.0979457
119.110022
120.1657403
119.8906066
121.125095
121.8588355
122.7078707
124.131717
125.994486
128.2343477
130.113895
131.0163932
133.0880107
131.9505674
133.9502153
136.4758751
136.7094049
138.9863007
139.952825
140.9455737
142.0445834
143.176002
143.766292
145.5864439
146.3298983
145.6948034
146.6867936
146.2808204
146.3515835
145.745556
143.8817107
144.8464548
143.7743954
142.9903887
141.1145342
140.5274755
138.5376396
136.7907521
134.7714429
134.1536029
132.9435498
131.7850779
130.9324483
129.6662107
128.3829357
127.6084705
125.8576161
126.3139702
125.453122
124.8993432
124.326085
124.0303144
122.8997187
122.4637537
122.5146241
122.4568023
122.3507359
123.1375401
123.5337043
123.9813984
124.7917976
125.075308
125.8523637
128.1171022
128.8411851
130.4945396
130.0668705
131.3287903
131.9623874
133.3148147
132.9807639
134.5327315
135.7205139
136.1436207
136.5489935
137.6417451
137.0426952
137.9163878
138.7722451
138.2989391
139.4071496
139.3926751
140.0693102
139.5306464
140.1055347
140.1898474
140.0210099
140.6623429
140.5679576
141.0976805
141.1255619
140.3962409
139.8004149
139.8664192
139.2940582
140.0497404
140.784818
140.784818
139.5080511
139.8414336
138.6973456
138.2477773
137.9074248
136.6826012
137.5369838
136.7988866
136.0013102
135.5153387
135.6281569
134.226929
132.9647703
132.6485239
132.0577808
131.3316157
129.9571059
130.6172466
129.6076476
128.4132386
128.2894015
128.0092864
126.8021883
127.138485
126.1362783
126.0906963
125.7441599
124.5583838
124.5849866
124.9447557
125.559458
126.5704902
126.4843939
126.6030374
126.3219511
126.8401885
127.3089112
127.6407834
129.849847
130.4129737
131.5131633