88.50558072
89.37326589
90.40762658
91.7982886
94.38323335
95.63668129
99.57268296
101.6985404
105.1533322
108.6808123
112.8863378
115.4679149
117.6413794
122.2063151
127.8277219
132.3139122
135.3525163
139.5745868
143.3712612
143.5321093
151.011043
153.4804008
157.8895807
160.3794672
163.7359775
166.0734053
167.6315525
168.3963378
169.5626437
169.3010803
167.9711264
167.1331814
166.3291733
164.6524328
159.7369455
157.9937435
154.9512175
152.7984453
148.4495227
144.9085463
141.002069
138.2760155
133.4561065
130.8745633
127.7272272
123.8159118
119.1498401
116.5554574
114.5710257
112.129952
108.3456656
105.7963446
103.379849
102.6183556
100.5504798
99.24443343
98.27464759
96.82986712
97.04704576
96.06960163
96.91581521
98.62216872
100.5767833
102.3620259
102.8882472
105.8741833
#NUM!
#NUM!
#NUM!
#NUM!
#NUM!
#NUM!
#NUM!
#NUM!
#NUM!
#NUM!
#NUM!
#NUM!
#NUM!
#NUM!
#NUM!
#NUM!
#NUM!
#NUM!
#NUM!
#NUM!
#NUM!
#NUM!
#NUM!
#NUM!
#NUM!
#NUM!
#NUM!
#NUM!
#NUM!
#NUM!
#NUM!
#NUM!
#NUM!
#NUM!
#NUM!
#NUM!
#NUM!
#NUM!
#NUM!
#NUM!
#NUM!
#NUM!
#NUM!
#NUM!
#NUM!
#NUM!
#NUM!
#NUM!
#NUM!
#NUM!
#NUM!
#NUM!
#NUM!
#NUM!
103.8151125
#NUM!
#NUM!
94.939669
#NUM!
94.09176095
113.3158711
114.5236153
102.7546568
116.1184762
118.8653803
120.3739212
#NUM!
126.1465707
130.2786261
132.6275082
134.6247324
138.3404093
141.0115367
144.1433775
146.8657368
149.1962128
150.5631182
152.3754976
154.6902253
156.1815876
157.3121174
159.7341601
158.9843703
159.3518116
158.3305662
159.092823
158.413449
157.3396875
155.25414
153.9423386
152.0518199
150.8636084
148.669774
145.7696345
143.1853549
140.9049959
138.7916206
136.265368
133.0222628
130.3332881
127.4186697
124.8701186
123.4433047
121.6124425
119.339828
117.5734811
115.6218779
114.3466822
112.099863
112.1328226
110.7053797
110.197765
110.5598122
110.6433007
110.9217193
113.4054933
114.1304599
114.9710106
117.162301
117.8757128
120.100208
120.7195071
123.0706935
125.0984318
130.290564
132.294147
134.6657709
136.1591656
136.8913878
139.2888512
139.5260649
143.376145
146.8938477
148.4128293
151.1244079
152.4452355
154.9243444
155.4494539
155.3932382
156.0855113
156.2157816
156.7307009
155.8621454
156.3998633
155.0538495
154.028677
152.9399625
150.7743561
150.5496563
149.2529942
146.783373
144.3107055
143.4190598
141.2062908
139.5081552
136.5616142
135.3384252
134.3625002
132.2512691
129.4171702
128.7219978
126.9198595
126.2290128
124.0024377
123.0043699
122.8946649
122.0534488
120.3847882
119.9441187
119.2630551
119.294314
118.6068439
119.400757
119.1940924
119.8887068
119.5734948
119.1278717
119.9126662
121.8554635
122.8035878
124.4285161
124.9802857
126.3058842
127.7836646
129.3194073
130.1091822
131.4057023
133.2890004
134.8472468
136.4057785
137.4880929
139.4102735
140.937042
142.0011179
142.9300033
144.663284
145.4960361
146.6183243
148.2953853
146.6276611
147.1203802
147.3816297
147.6735393
148.5511002
147.90963
147.3404583
146.5018175
146.1986408
145.1555434
144.2373779
143.5438503
141.3136465
141.4440879
139.4851431
139.3586232
138.0386341
136.6957424
134.2713199
134.080378
132.6049239
131.1330918
129.6818202
128.6061554
127.366205
125.7022418
121.9770612
122.2190619
121.5400327
120.3908019
120.2007738
122.7074495
122.0593489
118.09192
121.1451283
119.4753035
119.2351748
119.7868475
120.3310851
120.9645003
121.9146833
122.4494295
122.781265
124.2139694
125.6730349
124.861288
126.9116722
129.5825035
129.3172067
129.9294539
131.3289996
133.5298825
134.9197062
136.0639116
137.9826707
139.2252209
140.7606774
141.8722752
142.9072414
144.4507059
145.935374
145.4626122
146.9125189
146.9361688
147.2149689
147.6163013
147.1478653
147.0058723
146.3672507
145.9060047
144.6004579
143.1906549
143.0918234
141.1273305
140.6499596
138.8157875
138.2018242
138.491069
136.4233029
134.6730805
133.0472452
132.3829318
131.8667788
131.0182771
129.7639504
128.9625635
127.6568347
126.203178
125.2987515
124.5300979
123.5231808
123.538966
123.4577228
122.9224606
122.5527492
122.5010378
122.3651665
121.9066751
122.730616
122.6675389
124.2138642
124.7285066
125.6676767
127.0457072
127.3784819
127.9115319
129.2940486
130.6241564
131.1072409
132.7282972
133.3049907
134.7083747
135.0174273
135.9490362
137.6045321
138.826725
139.7914614
141.4080978
141.6189316
142.2373587
143.2284818
142.7957145
144.3822648
144.0391928
144.6551842
145.1053989
144.624654
143.608788
143.4132409
143.3373858
142.4214856
141.2412445
140.8726371
139.9992535
138.6946371
137.0238216
135.6779364
134.7137001
134.531165
133.0327158
133.0143185
132.4145124
131.157163
131.3920991
129.5050779
129.7800826
128.9902339
129.6942867
128.9787046
127.6821177
127.5370228
127.4909628
127.1775254
127.6687943
127.6088902
127.5455212
128.1975391
127.9443622
128.8355247
129.6842297
129.5182793
131.6084802
132.2356863
133.6672891
133.4519264
136.1073139
137.5566856
137.1446714
137.381967
138.3818784
139.5615714
140.1901597
141.6594938
142.5269008
142.3823952
143.5349147
141.6226758
142.240166
142.611208
142.59364
142.1516832
141.9409092
141.1145342
140.7702504
138.8941194
138.4638762
138.6669265
137.2829241
136.7567537
137.1387282
136.5513925
135.3705737
134.1105667
133.8481462
132.5270264
133.0452592
132.394853
132.3392198
132.6212348
131.370857
130.9420781
130.6483405
131.0899719
130.7003716
129.7874153
129.5863799
129.9372049
130.1895082
129.2145117
129.5658453
130.2466867
130.0597486
130.4718189
130.561234
131.167838
131.3879135
131.0230918
131.824412
133.57074
133.708561
133.64263
134.9088479
136.2374097
136.5497236
136.652251
138.6596342
137.938795
140.0859652
139.2519855
140.4901147
140.5065577
140.6365357
141.2823351
141.9681541
141.6657341
141.7295916
141.9950867
141.9290544
141.2249121
140.5632746
139.8435158
140.7444447
140.0791992
138.8289125
138.5214911
136.7316194
136.2716273
135.651638
134.4152425
135.5280716
134.6031163
133.3824315