69.31408953
69.56898758
71.21983808
69.84503417
69.39607176
71.14620893
69.93460058
70.60803224
69.51321273
70.19816353
71.18739753
69.74780748
68.07843609
70.74851826
68.9051983
68.73789318
69.16928659
69.97249871
69.6057789
69.69588531
69.39329311
69.18631942
68.82782398
69.45464851
69.14043262
70.26545828
69.55880547
69.70721882
69.2240891
71.04804608
69.32752334
71.23985279
74.94545887
74.01165861
76.38394537
78.81549894
83.26432118
85.50230569
90.10348178
94.16513207
99.64500674
105.9261073
111.6930915
119.8377255
125.4259062
133.112365
140.2704092
146.6042152
152.0138407
157.410315
163.7311359
167.9859388
171.3678089
174.054945
178.727197
180.7358061
181.5862841
182.2178724
183.1798607
181.4584171
179.5204172
177.3037458
175.4686252
171.6306414
168.4898271
164.8404668
160.0293951
156.7879191
150.0266498
145.8925134
141.1545873
136.17012
129.5771603
124.7527931
120.2348566
114.5074932
109.673776
105.2905891
101.9087203
98.48638195
94.89237637
92.98836435
89.88121009
88.07069251
86.03896335
85.7232134
85.57964078
86.43236194
87.56635573
89.54098866
90.72331794
92.15731893
94.73035799
98.96875697
102.3923513
106.4234512
109.2982632
114.2386829
119.6912078
124.821024
127.703099
133.8799064
140.5866893
144.905639
148.4165609
154.4530855
159.4497253
164.7835224
168.2231335
169.7478017
173.716322
173.7150898
176.2627713
176.7727813
178.4394751
176.0635078
173.5522347
172.4583536
169.3504336
165.3101895
162.0228784
158.2711119
153.6395608
149.2254326
146.0195359
140.2173262
134.5267789
131.0016351
125.5923448
120.7766732
116.674969
112.5250628
107.6925107
102.5481531
#NUM!
#NUM!
#NUM!
91.7496501
#NUM!
#NUM!
88.0024495
86.44980937
87.50278196
88.01378729
88.68193863
91.25821918
95.020656
99.11730317
103.3104679
106.4562974
111.069466
116.9231598
120.5550604
126.2077989
131.4021446
#NUM!
141.3287299
#NUM!
#NUM!
#NUM!
#NUM!
#NUM!
#NUM!
#NUM!
169.4072917
#NUM!
170.3851314
171.1755516
170.2404071
#NUM!
#NUM!
#NUM!
#NUM!
#NUM!
#NUM!
#NUM!
147.8965664
145.0870226
140.1373866
134.7919082
131.2003856
125.1100987
121.8852845
118.8052681
112.9382868
109.4294224
107.7402644
105.0230186
103.2139039
100.309068
99.96443791
100.1189218
98.63481627
97.59758158
#NUM!
100.5672969
100.0668196
103.7087347
104.8986868
#NUM!
110.1563214
112.0600973
116.3147002
119.9774702
123.5746398
126.208114
130.0454
135.5352729
141.3657618
142.7664026
145.3547593
149.0139426
152.8695153
154.6623155
157.4018481
160.9801768
164.5016673
164.2654109
165.1827273
164.9479681
167.2276354
#NUM!
#NUM!
#NUM!
#NUM!
#NUM!
#NUM!
#NUM!
#NUM!
#NUM!
#NUM!
141.7971909
136.4018146
134.2184684
131.3996332
#NUM!
123.5886355
120.0251738
115.7480621
112.901636
109.7901728
106.364924
103.6329411
102.3563263
102.2696443
101.0561156
101.3483236
102.0743043
101.7890552
101.705106
103.7934302
105.4201101
106.8196601
108.0363427
110.7970533
113.2770041
116.0518598
118.6802797
122.0219461
127.6957556
#NUM!
132.4649147
135.5708617
138.3734388
#NUM!
143.4179168
144.9875596
#NUM!
#NUM!
153.4847445
#NUM!
#NUM!
#NUM!
#NUM!
#NUM!
#NUM!
#NUM!
155.4235163
154.2047562
152.9873399
151.360023
148.966896
146.611166
146.1111656
144.2757038
140.1746506
138.9870298
#NUM!
#NUM!
#NUM!
#NUM!
#NUM!
#NUM!
#NUM!
120.0953536
117.9593461
116.0580027
112.715705
112.0154387
110.4660918
110.4143286
110.4542696
109.6396642
109.4629023
110.3938781
111.5366116
112.2887809
114.8615921
#NUM!
#NUM!
120.7007325
#NUM!
#NUM!
126.9520835
127.6511696
130.8059987
134.4506467
137.2967904
138.4088641
#NUM!
#NUM!
#NUM!
#NUM!
#NUM!
#NUM!
#NUM!
#NUM!
#NUM!
146.0684125
144.6137502
143.0179304
141.1240014
139.8484088
138.6769274
136.2367838
134.5285542
132.4762079
131.254386
127.6706827
125.33795
123.5310734
121.646696
120.2243048
118.3346145
117.470674
118.021829
117.5438669
117.626256
114.8198149
115.6554649
#NUM!
114.1044635
115.0226411
114.0046098
112.9854528
113.4394711
114.8137709
117.0843214
118.8985515
#NUM!
#NUM!
#NUM!
#NUM!
#NUM!
#NUM!
#NUM!
133.1226083
132.6842812
134.6904144
135.3804895
136.7763602
138.5371187
#NUM!
#NUM!
#NUM!
#NUM!
#NUM!
#NUM!
#NUM!
#NUM!
#NUM!
#NUM!
#NUM!
135.2825813
#NUM!
134.0627241
131.0482114
131.5490517
129.0111959
127.5361835
125.7393273
124.3536391
123.8163327
123.568326
122.2580389
120.748196
120.1792474
121.2294753
121.0132187
121.8716912
121.2865117
122.1803998
123.0421643
125.3146202
#NUM!
128.5041434
128.8160276
130.1639551
131.9395841
134.1879684
134.4012477
136.5035165
139.1974145
141.7281356
#NUM!
144.1006863
#NUM!
#NUM!
144.8084513
145.1630182
143.5932031
142.2943349
142.6389631
140.8128081
138.1792119
135.9789818
135.5724272
132.7152285
129.3847929
#NUM!
#NUM!
#NUM!
#NUM!
#NUM!
118.054285
114.6888528
113.7348178
111.7794584
#NUM!
110.6319066
110.9260839
110.3706577
111.0580771
110.729763
111.6374595
111.6582022
111.0979908
111.9819434
115.7199871
#NUM!
#NUM!
#NUM!
121.2133444
#NUM!
125.3337465
126.0943723
129.4733312
131.5202783
132.6223849
#NUM!
#NUM!
#NUM!
#NUM!
#NUM!
#NUM!
#NUM!
#NUM!
145.9640164
144.9748927
146.045479
145.9529123
145.7478393
145.4418518
146.0289792
#NUM!
#NUM!
#NUM!
#NUM!
#NUM!
#NUM!
138.6716144
137.8911662
#NUM!
132.9291239
130.8142685
128.262137
125.6931016
125.2546123
121.924272
119.412161
117.7726164
118.4022553
116.2958524
113.7197446
113.9743652
113.4498766
112.0442544
111.1294948
111.9804547
112.5662974
110.6589539
111.7720132
112.7475814
114.2073843
115.7635295
118.0064993
118.5715508
#NUM!
124.5140094
126.5503316
128.2555306
131.2393163
133.0619836
132.4767307
133.8243257
135.6440197
138.2543419
140.1841226
141.2717244
#NUM!
#NUM!
#NUM!
#NUM!
#NUM!
#NUM!
143.2636061
139.9156606
138.4027168
138.1603508
136.2815377
134.1716736
133.1576231
131.7911454
130.2115002
128.7862574
126.8506856
125.0803532
125.334377
123.9137545
122.1136073
120.6175085
119.242145
#NUM!
#NUM!
#NUM!
#NUM!
114.2997919
113.0254997
112.1973564
111.4144735
110.8882921
109.034501
#NUM!
#NUM!
112.2957968
111.9854525
114.2427145
115.8855656
118.9611939
121.0893505
122.4169889
124.6071728
#NUM!
128.7444313
#NUM!
#NUM!
#NUM!
#NUM!
#NUM!
#NUM!
#NUM!
#NUM!
#NUM!
#NUM!
#NUM!
#NUM!
#NUM!
#NUM!
#NUM!
#NUM!
#NUM!
#NUM!
#NUM!
#NUM!
#NUM!
#NUM!
#NUM!
135.604258
#NUM!
131.4564516
128.5268949
#NUM!
124.9438097
122.0602971
119.9637497
118.4133522
116.8919407
115.0890043
112.5636405
112.7147487
111.8134924
111.1828151
110.9952762
112.1803463
113.5013716
113.3376403
114.905276
116.4593303
118.5067734
119.9543564
121.7050828
122.6655381
125.5473748
126.899811
130.0397443
131.6923875
134.1339652
136.8476929
138.553788
140.8150973
143.5959045
144.7405417
146.1992633
147.0364706
148.9519735
149.7259428
149.7489401
151.3275187
151.8100667
150.997998
148.9910412
149.4422895
148.5259136
146.9240327
144.7703433
142.9804112
141.0754166
139.2680232
136.8265228
135.1836233
134.1822235
131.0298951
128.5665257
127.7764264
126.2641936
124.2154419
121.5522594
120.4203427
119.758452
118.1045
117.8454722
117.4279407
117.2561444
117.2617515
117.5128769
116.4886563
116.8259012
117.4661257
117.8355328
117.505896
118.444423
118.2180304
120.3955496
119.8009922
120.766759
122.3285103
122.770314
123.4559337
122.9318309
124.3330262
124.1989287
124.9757657
125.6160901
125.9757893
127.3525638
127.1103585
126.3684703
127.3834136
126.9445261
128.0580562
127.7216673
127.4899136
127.8412535
128.7377222
128.9670705
128.6067844
128.184745
128.5521623
129.4712356
129.139372
129.4063778
129.5371383
130.2840715
129.9590959
129.4855899
130.7958446
129.0343586
128.8133022
129.134656
129.1059404
127.8773372
127.2607448
127.6785508
127.6084705
126.2235519
125.4275875
125.4460817
126.4113128
125.2985413
124.693075
125.0756233
125.6063188
126.7532693
126.8612876
127.4108001
127.536813
129.706334
129.5526443
130.1617559
130.8522671
130.5943183
129.5960185
129.7681406
131.0796104
129.9361575
130.2856423
130.0734687
130.6572393