70.33550625
69.56644209
69.98913529
69.65343833
70.26430413
69.71959263
69.70398072
69.49203384
68.62064752
67.83852818
70.37565771
69.40579684
68.62610466
68.47558599
69.50499598
69.51136109
69.25247083
70.67384683
69.61977682
69.01756597
70.27434507
72.2348493
70.40599829
70.16214326
70.82674108
73.16578233
72.74994102
#NUM!
71.32104782
72.17477286
70.3815415
70.0791174
70.87834035
70.64076854
71.98632563
71.97359
71.44360277
71.88465489
70.64779944
70.70795842
71.24767426
72.01500752
72.98206208
71.9841457
72.35714364
71.63032612
71.94926457
71.76951627
71.52841855
71.99871655
71.70808313
71.78317912
72.40137293
71.91242843
70.35004451
72.68126649
72.0070916
72.65093034
73.14989544
72.40435188
#NUM!
73.0514701
73.3220937
72.96513652
73.26908456
73.80904082
73.91315928
76.96046623
79.01365069
82.05223884
86.20813907
89.62439111
94.40303707
101.4318825
106.7044749
113.9016685
119.0414727
126.3297219
132.0578854
138.6311939
145.2562438
152.3408348
158.1181346
164.2524337
169.5557553
174.6812776
178.7450378
181.5781901
185.1134741
187.9138191
187.926299
189.8250815
189.0835045
187.0926169
185.2736709
181.9560294
178.1355276
174.5186742
170.6503051
164.3925015
158.7799388
154.4753119
147.6695991
142.1161226
135.5761843
130.8918348
#NUM!
116.6560216
110.4859017
103.5935385
100.225164
#NUM!
#NUM!
87.63553944
#NUM!
#NUM!
#NUM!
#NUM!
49.49759921
#NUM!
#NUM!
#NUM!
#NUM!
#NUM!
#NUM!
#NUM!
#NUM!
#NUM!
#NUM!
#NUM!
#NUM!
#NUM!
#NUM!
#NUM!
#NUM!
#NUM!
#NUM!
#NUM!
#NUM!
#NUM!
#NUM!
175.7776238
#NUM!
#NUM!
#NUM!
#NUM!
#NUM!
#NUM!
#NUM!
#NUM!
178.1658825
#NUM!
#NUM!
#NUM!
#NUM!
#NUM!
#NUM!
#NUM!
140.1408216
130.3930789
125.4355736
#NUM!
#NUM!
#NUM!
103.2802862
95.80117815
93.4359204
92.36437396
90.12913522
87.13373851
84.30056465
84.36279572
85.20878021
85.88741645
86.72744766
89.57972854
90.82471224
93.95958328
97.06221522
101.8243541
104.2475604
108.0725446
112.5975409
116.40237
120.8855131
126.1587536
130.9822715
135.9491406
140.6231116
145.7181559
151.521399
156.0022422
160.031355
163.8632977
166.9258455
169.186331
172.1996967
172.8537985
173.0924807
173.5605522
173.5858127
171.8516385
170.3187317
168.0745032
165.6998516
161.8345535
159.1245014
155.775459
151.7323401
145.0940824
142.5747204
138.0131017
133.3257882
127.8543654
124.737233
121.0374718
116.4782812
112.4457771
108.4005359
106.8105699
104.5894891
100.5140414
98.49178799
97.69208948
97.14390757
95.87695172
95.58368569
96.61098955
97.98700233
98.61687181
99.96033802
103.695423
105.4679924
107.8432409
110.4660918
114.5395251
117.3838305
119.7924421
123.4154153
127.6928182
132.6907635
136.5019519
139.8817227
144.2643827
148.2430361
151.8310763
153.4728511
156.0172226
157.7579517
161.3982744
161.1446397
161.9107302
162.3474433
163.1791419
162.2540665
161.6834306
160.501992
159.3925664
157.8474602
155.2949609
152.4797932
150.0247854
146.8390779
143.0591903
140.7893963
136.6626807
133.1655667
129.555054
126.072106
123.2296456
119.0503452
115.8334477
112.6227264
111.2891274
106.6079938
103.6859759
101.7956201
100.8156269
100.6100925
98.1123957
99.80398497
99.57667715
100.1050067
99.78779738
100.793535
102.5468629
102.6930663
104.7511787
107.3251364
109.3733355
110.0690599
113.5142184
117.3190901
119.6024227
121.7870726
122.1445809
126.5872889
130.4915032
132.6819811
136.4231986
139.5585518
142.8207645
146.8463391
148.8633691
151.3525698
154.4366482
155.1515165
157.7375098
157.000152
157.1674471
156.7946323
155.3247235
153.9790457
153.5209416
149.8879547
148.6913314
147.3539402
144.9471708
142.1682156
139.5942659
138.2365236
134.9193929
131.9188726
129.6310103
127.9765625
124.5714224
122.3494719
120.1872671
117.8867092
115.2367692
112.6702263
113.2536406
112.2731543
113.4751466
112.901211
113.0316606
113.9812632
115.8903324
116.2095506
116.7126511
117.9498306
120.5273164
119.1907128
119.9182601
121.6629265
124.4377702
126.4062726
127.5618883
128.4174327
131.8617576
135.0637801
137.1938848
138.052807
141.392703
143.2381462
144.0464641
145.2783557
147.3423251
147.3918965
147.6544602
147.2515794
147.5388408
147.5198641
146.3129858
145.3056579
144.8833153
143.1539704
141.4824696
139.5415796
138.7744327
136.9725178
134.2775867
133.2156312
131.2891294
129.8967737
126.1850093
124.6457611
123.2144881
122.1686007
119.457248
117.3615103
116.0648869
116.2536025
114.2381524
112.9454043
112.2280802
113.0559853
113.0669258
113.7318456
113.6291951
115.0648342
114.9069725
115.0795695
118.0242606
117.758658
117.7429017
119.3635875
120.8496561
120.319268
122.0963292
123.1626987
125.9866082
128.5035143
129.4164368
131.5875549
134.0426674
136.7825133
137.8939802
138.9888005
139.6042615
142.6154701
144.0850015
142.6293996
142.6716034
141.923023
143.237107
142.3966383
141.7824232
140.7111466
140.9068687
141.3705467
140.2995522
139.2756254
138.3995911
136.5039337
134.7342705
134.0872724
132.6722577
129.271414
128.2849973
126.9056891
123.8734611
121.997502
120.862839
119.8926121
119.7432511
116.8579689
115.559151
114.8372046
113.5880046
111.3217956
110.9294904
111.7900941
111.9226061
111.1566343
111.1153394
111.9764139
115.1174141
113.4472222
114.1942279
114.0612761
116.0990954
118.2629532
117.9405265
118.6874645
120.8334146
122.2855327
122.9316203
123.4944512
126.3846414
127.6221092
128.7643487
130.4072147
132.0911462
132.8445519
132.7548526
134.36908
135.0607526
135.5792108
135.1595092
135.396146
136.884088
136.4905825
136.5352254
137.5588747
138.6355693
138.7803703
137.6163111
137.0085974
136.7579009
137.7079343
136.3904445
135.8353007
135.8246572
135.9858682
135.9742865
135.2339381
134.446156
135.8412485
133.9071737
134.6993946
134.6800767
131.6080617
130.93988
129.823869
129.777778
126.7123273
125.4459766
124.4475501
123.9479451
124.4748914
123.2915368
122.4700731
122.1200339
122.2687837
122.2407628
122.9876305
123.8595738
124.5489202
123.2199617
123.234277
124.6176875
125.4184454
125.6838562
125.4524915
126.5156832
127.7738039
127.0257655
128.010545
128.8097382
131.2487349
131.8090342
130.9066986
131.7057788
133.2320402
132.9685335
133.1680752
133.0382558