84.77833743
84.90443272
84.35037238
85.17689295
86.81539761
84.52992298
82.7369282
84.25940532
87.35940807
83.32058303
83.98350695
87.62981121
87.84611612
87.6335566
87.34089096
87.2573349
83.91489431
83.99838273
85.73792214
86.48216274
84.9094182
85.32236071
85.41986721
85.16150213
84.46283552
85.6090668
86.4318098
86.46184552
85.48969189
85.48360616
84.9237096
85.48991319
85.46324605
86.50932463
85.78845918
85.30697473
85.75174572
85.48714696
85.67023602
84.84017057
84.98020616
84.70696403
85.03979695
85.88863256
86.55635747
85.98082636
86.31606634
87.64303009
87.25953972
85.86618938
86.40652091
86.76640362
87.43457158
88.88724684
90.47632314
92.49079796
95.4455286
99.06879959
103.4703789
107.1199028
112.9549651
117.9950812
123.0232146
128.853554
134.9447634
140.135513
144.8969172
150.8986043
156.0848915
#NUM!
#NUM!
#NUM!
#NUM!
#NUM!
#NUM!
#NUM!
#NUM!
#NUM!
#NUM!
#NUM!
#NUM!
#NUM!
#NUM!
#NUM!
#NUM!
#NUM!
#NUM!
#NUM!
#NUM!
#NUM!
#NUM!
#NUM!
#NUM!
#NUM!
#NUM!
#NUM!
#NUM!
#NUM!
106.9501204
103.8348621
102.5017062
104.2119434
106.3500508
106.8826472
120.2208227
108.2038839
112.6733078
#NUM!
#NUM!
#NUM!
121.0616189
#NUM!
#NUM!
128.6885564
130.4245963
131.9367598
#NUM!
136.3799088
139.4557788
140.7712909
141.4018567
#NUM!
144.0693165
145.8049214
143.9996157
145.0789246
145.4854485
146.1507011
146.0329226
145.4573183
146.028149
146.0733935
144.0176904
144.7635939
143.6167882
142.7194193
140.5346562
139.4480732
137.8008034
135.8958215
133.6695879
132.6538562
131.489307
130.8455677
128.6772344
128.5677838
128.1302115
126.3759258
124.8599214
125.8075075
125.3530827
125.5785808
125.4917906
126.1661052
127.1843468
127.1438374
127.4345136
127.0861146
128.0509244
128.7455844
129.3182546
129.4815037
131.0039378
131.9582033
132.4381452
132.0911462
134.0500843
135.0544888
136.6197099
136.3868978
135.3740182
135.9957803
137.175847
136.7916907
135.7136264
135.1278785
136.1616695
136.5167634
136.2623427
135.6132332
135.1282961
135.9033343
134.4657899
135.2205767
135.2125389
136.2022525
136.6420298
133.7003068
135.7428458
135.8625353
133.6780513
133.2104053
132.1567243
132.3343047
131.8427188
130.1806065
130.0812189
130.5290912
130.0164929
128.522072
128.5986069
129.1212415
128.1826476
126.9315106
126.3011587
127.1844518
125.7885981
123.9235384
123.3981551
122.4741807
123.5172876
123.7330027
122.7235608
122.0915882
123.3767901
124.5122218
124.8666495
125.4100388
127.4134233
127.8741904
127.6981684
129.486009
130.4854304
129.8084706
131.0712374
131.0696675
131.6694756
132.3561609
133.1580412
133.8554595
134.2133503
134.1168342
135.8836132
135.5625125
135.6573777
135.72114
136.8191184
137.6437256
136.749349
136.2045476
137.6115161
137.0272626
136.0012059
136.2732964
135.1461471
136.0279161
135.3355026
134.3535182
131.6818209
132.4236101
132.0656254
130.6726289
130.2022845
128.3453969
128.2236513
126.5956881
125.7488875
125.5204761
123.5168667
122.7946377
121.8560957
120.9753619
120.8610461
120.8459649
120.6240485
118.0382157
122.1366796
122.3666412
122.9652057
123.9841335
125.0507122
125.6201876
125.7683227
127.7805176
128.6811133
129.5083259
130.1399726
131.2503046
131.9583079
133.0088829
134.7706075
135.1699483
134.0072542
135.7065302
135.2705772
136.1827436
136.5219787
135.2470907
134.4385321
134.013731
133.3501388
133.8220272
131.843451
132.4705613
131.7474166
130.6678131
129.7459324
129.2945725
128.2236513
128.2281606
126.4459638
125.8859786
127.1959957
124.6172669
125.8248408
124.1182532
124.0305247
124.1710558
124.5999177
124.1086812
124.4634292
125.4765545
125.5917144
126.3096647
128.1678608
128.7972641
130.3993615
131.0329304
132.3636903
133.8409374
136.0016232
136.3173192
137.1701124
138.434495
139.6776653
140.6213426
141.3053246
143.5684749
144.5192484
144.0431401
143.5816703
144.1048412
143.2187133
142.5969665
141.3067809
141.0663654
141.6618859
139.7984368
#NUM!
137.7336797
136.7410057
135.8504311
134.3485049
133.1969225
133.5583053
132.0370709
132.0972125
130.0268618
130.9290987
130.1930688
130.5239609
128.9514533
130.2849092
130.2915064
129.4621201
128.890136
128.3856619
129.8580174
130.0404775
128.9889761
129.35472
131.3789144
130.7117826
131.4130271
132.7562117
133.483799
133.1741374
134.0596948
133.9086363
135.1289224
136.4241374
137.238405
138.5542047
138.8740159
140.1547696
140.9047878
141.4320219
142.2919436
143.2179859
142.8412407
142.7843848
142.901317
142.2601286
142.4081783
141.573168
140.625297
141.1418952
#NUM!
138.3955276
137.6375756
137.6223569
135.9667741
135.0248396
133.273219
133.840624
133.9372612
133.2590051
131.638612
131.0622364
130.8679687
130.1739041
129.4484991
130.1423813
129.6911439
128.3275709
125.3984796
127.7850283
129.2550666
128.4793994
127.9068118
127.7609011
129.494391
126.465284
126.8433376
130.9498238
131.1411505
131.7306779
131.7011756
132.1106003
133.5924746
134.7304071
133.7167108
133.900383
135.1080438
135.7451415
135.2315372
135.4246403
136.5409621
136.8863823
136.8151555
136.6085499
136.9121399
139.0603548
138.281538
138.6735938
138.7180761
139.6517401
139.5273144
138.7338061
139.3205093
139.1472161
139.5443909
138.4528322
137.867195
137.6220442