92.02393828
92.28750152
92.8152466
91.30646287
91.69893042
90.82033274
91.49534973
93.16491991
91.7581758
90.82952964
90.8140919
91.84266074
91.70592651
90.70174459
92.44571211
92.69271307
91.69783727
91.80276969
92.75087336
94.0362368
92.12924714
92.74214423
92.72490382
92.86303094
93.07779384
92.8872489
92.10237557
93.52026924
93.57714889
92.68791158
93.97918312
94.75547907
96.89663232
99.6194244
101.4670907
105.0015834
108.0052656
374.4261142
114.6356148
119.6141414
123.4440414
128.1200387
131.6802516
134.227869
138.5888971
146.5451841
150.5624969
154.2173697
158.0695144
160.9355278
161.9322738
164.1991856
#NUM!
#NUM!
#NUM!
129.7416374
165.2194839
#NUM!
#NUM!
#NUM!
#NUM!
#NUM!
#NUM!
#NUM!
#NUM!
#NUM!
#NUM!
#NUM!
#NUM!
#NUM!
#NUM!
#NUM!
#NUM!
115.8360961
111.7620154
108.8949627
104.9770395
103.3829635
102.5799762
111.8067921
111.297002
#NUM!
#NUM!
#NUM!
#NUM!
#NUM!
#NUM!
#NUM!
#NUM!
113.4106962
#NUM!
#NUM!
#NUM!
#NUM!
#NUM!
#NUM!
#NUM!
#NUM!
#NUM!
#NUM!
#NUM!
#NUM!
#NUM!
#NUM!
#NUM!
#NUM!
#NUM!
152.8729291
153.5968503
152.3844995
164.0882573
164.2096911
#NUM!
161.18712
160.9901789
162.0171062
158.9251374
#NUM!
154.8249111
152.597741
149.3080128
#NUM!
#NUM!
141.8914098
138.9207848
135.3048147
132.1832895
130.330775
125.4881129
124.1469688
122.0885328
118.5129026
116.0361848
115.9516627
114.0461017
113.6572207
111.1497164
111.7978582
110.9858025
110.9819704
111.8565651
111.107357
112.4972179
114.0261518
115.871583
116.5157584
119.1129794
121.0924084
123.7842429
126.815205
128.0750466
130.4570554
132.6172617
134.3684534
138.3617691
141.2334424
141.7257436
144.1326788
146.1888869
149.8721062
150.5603223
150.8409333
152.3852238
154.5436438
153.6053304
154.0166828
155.6301829
156.327038
155.3118057
154.5202809
153.4885711
153.6341833
151.183314
150.474993
148.5731771
147.1406051
144.8107357
141.9637867
138.2457975
137.4337798
134.9473735
131.4590675
128.7014508
127.5639867
126.1567581
123.9749813
122.1059164
120.9936051
118.5937412
116.3913587
114.9989995
114.9124858
113.8461608
111.6822419
111.0588222
111.7635045
112.0848713
112.170459
113.7360915
115.2681427
117.3768489
117.739835
119.2434123
120.219873
123.0569027
123.4035226
124.8834695
125.4368346
128.5822519
130.8657705
131.0625504
132.602519
135.2838339
137.564191
138.4156365
138.9592197
139.8908839
140.8677468
141.6956871
142.2340316
143.2738938
142.6481107
141.9835442
140.7116669
141.4235965
140.7795112
139.7221227
139.5697971
138.1668115
138.6774482
138.1059545
137.4441005
137.5497014
137.1743873
135.4217178
134.4367567
134.0436076
133.0695096
131.9616552
131.0337677
131.4671245
131.1732801
129.8391626
129.0775387
128.2421078
128.6410663
127.6764526
127.0444478
126.3163855
126.5087534
126.2263874
124.8491984
123.6721853
124.9339284
124.4883515
123.7173252
123.2733276
124.8496189
124.4775203
124.6736239
125.1056842
125.9355591
126.2577876
127.4242308
127.1615735
127.4851921
127.2679856
127.3312623
127.768454
127.791532
128.3486475
128.8524009
128.5374842
131.1179162
131.2622347
133.3584994
132.5848487
134.0858099
135.3431223
136.2508673
135.8233006
138.1106439
139.7322217
137.9160751
139.3129072
139.5513672
141.1692558
140.5214396
140.7982408
140.3962409
141.5962579
140.8131203
140.0923149
139.2987444
139.1047233
138.1358622
137.6018219
137.3646609
136.8417486
135.0643021
133.3735485
132.5865216
131.8465893
130.7123061
130.0280139
129.7183813
129.1328744
128.0987489
127.1262059
127.9545363
126.2714397
125.4721412
124.9767118
126.0222154
126.8261222
126.0912214
125.7208372
125.2611282
126.0930069
125.5548349
126.2443455
125.2736344
125.9383952
125.9231641
126.8728342
126.9203843
126.9661484
128.3316604
127.3685134
127.0936712
129.8543512
128.7577445
127.7244997
128.3373228
129.2762344
130.9140258
130.63829
130.6103367
132.9511809
134.024073
133.5249712
134.0444433
133.705531
135.7383585
135.6424543
133.9893906
134.8014098
134.7216359
134.6728716
135.3746444
135.2982386
135.24041
135.5227489
136.2960382
135.6853458
136.9315362
135.4822537
134.7889846
135.1056427
134.9999924
133.5931015
132.2003369
132.620712
132.0908324
131.143139
129.5857513
128.6626625
129.4460892
128.77263
127.336614
127.3634767
127.307547
128.9331108
127.206595
127.6394196
126.6847169
127.5766815
125.9725331
125.178206
124.1641137
124.5693194
124.6348261
124.4581712
124.5827785
125.0433544
127.1171802
126.9169205
126.4387187
126.8625472
126.2583127
125.2433671
125.0078261
127.519921
127.1583202
127.7201986
129.6367723
131.4631483
131.2090719
131.8223198
132.7998074
134.1721959
134.9460163
133.4779471