83.89002239
84.5756033
86.41403041
84.71339253
84.95129408
86.04106322
85.52388115
84.65597619
85.25428217
86.12317198
85.4514058
84.44176468
85.48028664
85.42495779
85.5329536
84.72281344
84.95616828
85.53118338
84.40183829
85.21918738
86.40563743
85.80338702
85.87746638
85.57787074
85.82693889
84.68280094
84.56484888
85.62643391
86.20018441
85.6118323
86.2278042
85.43668806
85.93893237
85.46734028
86.77247296
85.52520883
83.95264367
84.47048732
84.97688302
85.71171151
85.33276533
85.97983156
86.26978322
87.61846474
87.63873399
86.69654553
86.2068133
86.82599026
86.37548775
86.44837385
86.71641141
85.45107383
84.19072408
84.67648286
85.38921186
83.85948576
84.87518348
85.04323038
84.03090789
84.07042332
85.33741413
83.92188929
84.69288752
84.92016449
83.91889145
86.02603235
86.98099166
86.96742411
88.99547342
89.95984365
93.39450442
96.98408873
99.10898543
103.1500942
106.176154
112.0386189
117.5787693
120.6993613
126.0077206
132.1497169
137.8550008
142.2880968
146.9469564
152.340007
157.6145457
161.3279601
163.4929613
166.1440139
168.6516011
168.9510612
167.8399716
166.6870057
164.9360237
162.2965297
158.5420515
156.0585473
152.8528601
153.0444397
146.618428
174.493626
#NUM!
#NUM!
#NUM!
#NUM!
#NUM!
107.7663301
102.3124488
100.4167915
#NUM!
92.93382745
#NUM!
#NUM!
#NUM!
102.4214927
#NUM!
#NUM!
101.8570686
#NUM!
#NUM!
#NUM!
#NUM!
#NUM!
100.3606134
103.2968272
107.10376
#NUM!
118.6235391
123.7386845
124.5246299
132.02044
135.9053168
141.6741584
145.7209582
149.2459484
153.5195972
156.9225935
159.5656901
160.8304502
163.1897542
164.1270879
163.6933301
163.934063
163.2110818
161.5187942
160.0803513
158.1574637
154.4636301
151.8809602
148.1421697
143.6777755
140.9579549
136.3930523
132.1304725
129.3441368
124.1166754
118.7623742
115.8121549
110.0410365
105.7652927
101.2565701
99.1088774
95.16173287
91.3887191
89.23678695
87.03724334
87.26284695
85.17124602
84.64256322
83.87714174
85.3946348
85.94468057
85.98801098
88.75327822
91.52432787
94.10863492
96.59364097
99.53867742
103.9213685
109.2263842
115.8291045
119.3966388
126.417613
131.2243512
137.769118
142.3388334
147.2321853
152.7036819
155.2555869
158.9794171
#NUM!
#NUM!
#NUM!
#NUM!
#NUM!
#NUM!
162.7756377
#NUM!
#NUM!
#NUM!
#NUM!
#NUM!
141.2493587
137.5166562
133.3967487
129.3120722
124.6733085
120.0640106
116.2752041
110.8894631
108.2305764
106.4219533
101.4780728
100.3811011
#NUM!
97.7545461
97.00164362
94.95532369
105.0828197
#NUM!
#NUM!
#NUM!
#NUM!
#NUM!
#NUM!
#NUM!
#NUM!
115.3051326
119.128611
#NUM!
123.9514167
#NUM!
130.3274241
#NUM!
#NUM!
#NUM!
#NUM!
#NUM!
#NUM!
141.9617069
#NUM!
152.4548579
152.899722
152.4582723
152.9827884
152.3952603
152.2677825
150.7495056
149.139119
145.0514117
#NUM!
#NUM!
#NUM!
#NUM!
#NUM!
#NUM!
124.5909801
121.4652996
#NUM!
#NUM!
#NUM!
#NUM!
#NUM!
#NUM!
#NUM!
#NUM!
#NUM!
#NUM!
#NUM!
#NUM!
#NUM!
117.013955
118.2713034
119.4442606
121.5346571
122.06704
124.2604575
125.796372
#NUM!
#NUM!
#NUM!
#NUM!
#NUM!
137.5965057
139.4686908
141.2946101
142.2609604
142.573265
143.1963705
143.6924246
142.3896727
141.8233979
142.5436378
140.3230743
138.6902617
137.3130546
134.2222287
134.0474727
132.0087251
#NUM!
#NUM!
125.8061418
#NUM!
#NUM!
#NUM!
120.7833178
120.0872277
#NUM!
#NUM!
#NUM!
#NUM!
#NUM!
#NUM!
#NUM!
#NUM!
#NUM!
#NUM!
#NUM!
#NUM!
#NUM!
#NUM!
114.1462696
115.5819323
116.8094965
116.833098
117.9288962
117.8983398
#NUM!
#NUM!
#NUM!
#NUM!
134.5516333
#NUM!
129.8033378
132.378226
134.7728003
136.2941604
137.7007422
139.8910921
141.8554283
143.2425108
#NUM!
#NUM!
#NUM!
#NUM!
#NUM!
#NUM!
#NUM!
#NUM!
#NUM!
#NUM!
#NUM!
#NUM!
#NUM!
137.9765219
135.1446857
133.6303002
131.0338724
128.7028137
126.480929
122.1294103
120.2740032
117.7668004
116.2327416
114.3929338
114.4295306
112.1835357
111.5586331
111.6367149
112.4485405
111.9686513
111.5277815
112.1713095
113.4359672
114.2580981
114.8506708
116.8548998
118.0239434
118.1490044
119.867069
119.7667913
120.1601475
128.0943441
124.5395616
127.6358526
129.8257545
131.2620254
134.3890282
136.1371523
138.9599488
141.0987208
142.2626239
143.870699
145.0537996
145.7685966
150.9712863
145.752821
126.5810944
419.4048683
408.8497698
418.6130973
407.5540422
113.2377107
111.7850953
112.5011502
112.5440862
150.6149976
130.4638613
129.4984772
124.5933985
118.3578665
119.6890965
169.2916209
109.4646083
101.7948667