89.3945635
88.71425702
90.36182403
89.21284731
89.12256963
89.63130414
89.44846235
90.47424156
90.47654226
90.82438378
90.49779588
89.67124434
89.10257902
89.48841639
89.19198159
90.29738707
89.55470707
89.47052526
90.73185944
89.50279472
89.45889021
89.1778144
89.86037081
89.84676999
89.62691492
90.12222865
89.64644666
90.3288394
88.76382992
89.06127732
88.1640164
88.64401141
88.66665815
89.34570945
88.34984263
88.49997233
87.4942975
86.97327034
87.44592227
88.38009209
89.42233692
86.52676927
86.78085957
87.2621855
87.21477979
87.02687587
87.35400732
87.96094883
87.58089833
88.11900738
88.0875317
87.32678222
87.7206839
86.80800469
87.88443331
88.36711254
87.87067028
87.64159806
88.04218567
87.65878212
87.73720443
88.8457082
88.8496644
87.71528707
88.54934601
88.84208165
88.6037725
88.10260946
87.84325322
87.05941134
86.99963264
87.65867197
88.37866216
87.67420321
89.32847221
90.08879079
92.61282862
93.60754784
96.82325526
99.40674186
102.3745004
105.1350081
108.3886868
111.8719857
116.0018684
119.9803198
122.9413065
127.4992517
130.6919965
135.2191152
138.6545296
141.8998331
144.0335835
146.8231031
149.9196513
151.6383609
152.7838586
153.3634285
153.2289703
152.7090616
153.5436938
152.8016523
151.5870226
149.3944233
147.8211898
145.9107785
142.5177526
139.0435862
135.527341
132.6746624
128.6330987
125.3641168
121.0933574
115.9667035
113.2327193
107.8767805
104.3392777
99.78272519
96.39941339
94.03765219
89.3591036
86.25056171
83.20382603
81.20097162
78.35483992
77.83578809
76.83208034
75.87187685
74.74831236
75.99767084
75.65519871
78.25509623
81.00157414
83.62844954
85.49301135
90.51718635
93.86996027
96.92448526
101.6833638
106.5404933
111.7017073
116.527086
122.8473899
127.3392373
133.3037365
140.2873746
144.6711761
148.6446924
152.3173466
157.0700661
160.2379586
162.4156703
163.8038617
166.9806906
168.4621612
169.0114227
170.2628151
170.7625348
168.4022003
167.8726836
165.1007697
162.527901
158.7680707
155.544935
151.0572179
146.5573224
141.1025702
135.2167143
129.8561319
124.272237
118.65714
113.7447956
108.0789518
101.459554
96.55579775
91.0624664
86.03133742
82.11914107
78.37847728
74.67324293
71.64411024
68.69030463
66.43858212
64.91218007
64.41427625
64.76870089
65.23700901
65.97169796
68.5269299
69.85532133
73.09571391
76.69810697
81.27840183
85.88940644
91.2100807
97.20446603
102.6364158
108.7001275
114.409376
121.3430183
127.7106522
134.2465656
140.8318496
147.6404617
153.3906295
159.1774356
163.9222174
168.7656502
172.4352417
176.1509307
179.1442817
180.3403201
181.8835994
182.6820982
181.9656593
180.9809273
179.4144183
177.2310198
174.2331756
170.3065
166.4358997
161.3742523
155.9129779
149.51015
144.4278578
136.7370426
130.1222734
123.2989046
116.5730303
109.2016411
101.8065972
95.64276247
89.46536636
83.52944458
77.93125034
72.25800535
66.68789392
63.20613145
58.36575647
56.91428101
55.15627437
53.51954426
50.93149623
51.63658965
52.20332123
54.7844216
57.07521839
60.40508667
63.9370603
69.31293141
73.8063034
80.776016
85.59568151
92.2800758
98.2590731
105.5624633
111.9178207
119.3395113
126.2627234
133.1540694
138.7165135
145.5419152
151.9331198
157.6160944
164.1156551
170.3099948
175.574946
178.6492703
181.7282853
184.4308521
187.1635206
189.3022481
189.4084969
189.931522
188.2524021
186.6603137
183.8987399
180.1348232
175.6567369
171.8031458
166.2380874
160.2937585
152.7208555
145.2505341
138.3228002
131.516093
124.1174117
115.922428
108.1492149
100.7165854
93.32921385
85.48869605
78.56560971
72.83747882
66.6547839
61.79848006
56.54004888
51.59350365
48.05861232
46.54558302
44.04572066
44.11890667
43.67963068
45.55474509
47.39767929
49.82055496
53.67783137
57.89364051
63.70529854
68.79347979
74.78322518
81.08507815
89.03743947
95.21259092
103.9011917
111.2050576
120.5284768
128.4315878
136.5379373
145.1196222
152.0405401
159.7821303
165.5352424
172.5851065
178.5934901
183.9113345
188.3826113
191.7123062
194.1202537
195.6126634
197.0202799
199.054204
196.6416137
195.467549
194.3950349
191.4334796
186.5298465
181.3114878
176.1495968
170.4832893
163.3885991
155.9101883
148.3627635
140.761926
131.6211398
122.9153011
114.4574281
105.8611214
97.89967837
90.35744081
82.22125793
75.18928553
67.56983685
60.54661072
55.59481134
49.49462768
45.39715293
42.08403517
38.46263317
36.49004983
35.14477264
33.65770033
36.35233336
39.27116262
42.08056589
47.00136427
51.47319691
58.04952624
65.46828398
72.13200123
78.53714642
86.97702071
95.16042876
104.2530316
113.0147711
121.9401828
130.469306
138.4630427
147.7189554
156.8896485
165.1684158
172.2824937
179.2686393
185.7245424
190.8260926
194.909006
200.0594789
201.730417
204.0299904
204.8924195
204.7980279
203.5353057
200.860944
196.4386389
192.6848954
187.3829768
181.9333887
174.9321481
167.2652927
158.3824844
150.9880588
141.9800087
133.4364602
122.1831388
113.1316109
102.4121374
93.20406245
82.95374915
73.48061078
65.90351835
58.4208812
50.67587514
44.75893739
37.01304214
32.0471189
28.19595177
27.07642951
27.55776434
26.63735419
25.57734551
24.02001786
26.14784995
30.48944315
35.41329649
42.67528863
46.96255263
53.36183973
61.09609743
70.29442586
78.750962
88.15411256
98.10038751
107.6990276
118.9792572
128.610978
139.4313081
149.7914119
159.0964345
168.1212017
177.0866918
185.221774
192.5614555
199.450134
204.1636453
209.1799408
211.7377031
214.1724549
215.6666867
216.0655228
215.4298151
214.2800263
210.2757078
206.0207115
200.7491382
195.7117185
188.6658256
180.3520039
172.3034495
162.4922433
152.2418102
141.6190356
131.4174219
121.8563065
111.4692673
102.3084696
92.20548558
81.4991037
72.2980084
63.0712982
55.81597697
49.69820653
43.06195258
36.42399381
31.61152661
25.94934427
25.49186047
23.39380457
22.01942274
24.83464508
26.32475603
27.23137233
30.62125603
35.04874064
39.33620035
45.32088088
53.20748329
60.45624453
69.11563196
78.12153723
87.35874676
97.00229379
107.9002788
118.0968886
128.2567889
138.5099266
150.0482975
159.7009415
168.9797511
177.4462187
185.794139
193.0043114
199.5601317
205.1185042
210.2520815
213.2231606
216.2307476
217.6447512
216.7872307
216.2413284
214.6254227
211.3683179
207.2345664
202.3469367
195.4209807
188.4959402
180.53525
172.5350838
163.537363
154.2653418
144.1436891
134.056352
123.1398559
113.479606
104.9070476
94.83736015
85.15352971
78.22424456
68.82329915
59.89517764
52.85734214
48.43133516
43.84679113
39.06001706
35.73721483
30.33242047
27.47414499
25.86993753
29.88547241
29.34120152
31.57348763
33.35623162
37.87379998
43.38737681
49.13415159
55.84784731
63.02150151
70.07542165
79.05758297
88.00795331
97.63125088
107.4916389
115.9836506
125.8285176
135.9315068
144.4459286
154.597605
163.8779247
172.5661042
180.424258
187.7497347
194.7657085
201.4258529
206.704913
210.5181767
213.9680947
214.8202976
216.0216725
214.2821634
214.3606273
210.1224411
205.950493
201.6327055
196.1978759
189.3875337
179.6823826
170.3748529
162.1785177
152.1887262
142.8362516
131.9002529
121.4520179
109.3164987
99.2001511
90.20005952
79.49427148
70.69182507
62.09332458
53.86384985
45.80463209
39.02039758
34.77631373
32.62385787
29.50552619
27.39177877
26.04484927
23.9175456
23.03027585
25.55899098
28.35733178
31.91110836
36.1726135
41.36696952
49.28217098
55.73305996
63.6774519
72.01317196
81.74937229
91.86473622
102.8382744
112.875289
124.521265
135.5514497
145.2999484
155.3386746
166.4154192
175.7813181
184.7609165
193.4449789
199.6741063
205.8867962
211.5713401
215.4864901
218.5607391
221.2424755