87.46994518
87.02709646
86.91414301
86.75172653
87.01419197
87.64170822
87.46895343
87.5375998
87.38409647
87.68543828
87.66583182
86.97536614
87.74524422
87.78687286
87.79083731
86.68054186
87.26416983
86.91601843
87.46652915
87.67475396
87.18368798
87.21885907
87.74326182
88.27228578
88.02589532
86.80359095
88.02952767
87.55357553
87.77586033
88.0875317
88.01345706
88.62521166
88.19856829
87.08709236
87.85954949
88.13914639
87.43038389
87.23385287
86.95970258
87.57516948
87.96733377
87.73874631
87.71319441
87.81231088
87.4128613
87.73103683
87.49143258
88.17358993
87.2835717
87.96755394
87.68356578
87.9201053
87.91427024
87.98395625
87.64369102
87.41087757
87.5954405
86.14018871
87.57285589
87.66197653
87.22999422
87.94102289
87.34000918
88.38944156
89.1027987
89.88921655
90.94513465
92.49210791
94.38388623
96.08522814
98.57827881
100.9958932
103.3336672
106.596441
109.277148
112.8559533
116.0415864
120.2076327
123.9066007
126.7712205
130.7441308
133.7874449
137.663739
140.2213856
142.8491402
145.7945429
147.191011
149.145647
151.3733765
152.3650471
151.55359
152.4696536
152.606742
152.4679981
151.3760679
149.5060059
147.9283959
145.5222973
143.9816447
141.2348988
138.3941731
134.7969201
130.7405715
127.4209781
124.3704658
119.9253317
116.8920465
113.2886856
109.3234302
106.2544923
101.8202647
99.30469606
95.25562142
93.47896814
90.62179529
88.12131846
85.67078905
84.184732
81.94628844
81.96346538
81.31705558
81.21114006
80.95864169
82.6275857
83.19036916
84.63613372
88.02127229
90.86992848
94.04418469
97.20890749
100.2970977
103.6837215
108.3244212
112.3861491
116.7422878
122.592137
126.3202709
131.768235
135.6032144
137.8925211
142.8169187
146.3282382
147.8876499
151.3823824
152.8732395
155.9778601
156.6648054
156.7580707
157.8464278
157.4456281
158.5179003
157.8397173
155.3132525
153.6726532
151.5021462
148.0156912
145.0954321
142.6887549
138.8814115
135.2795542
131.0123112
126.834625
122.2456085
118.9244329
114.8301003
110.5018771
107.2306495
102.6994083
99.27521338
94.97195637
92.06730954
90.43994902
87.46410486
85.91571773
84.03690203
82.90767828
81.57100726
81.6475864
81.86005844
82.62246306
83.06634613
84.37521872
86.6482018
88.12395967
91.62098372
94.45874516
98.16810657
102.3508418
104.956139
110.081846
112.9758923
117.7675406
121.9541967
125.4063609
130.9335997
134.635697
139.6306039
143.7492539
146.7234134
149.7682079
153.3125421
155.3969584
157.9585413
158.0799405
160.3758574
161.055965
161.4722983
160.673084
160.8249849
158.1193733
156.3890171
155.2918606
151.688663
149.5331496
145.8203852
141.4564658
137.1458184
133.5623805
128.5889617
124.4589073
120.4216087
115.1582253
110.6223228
105.8085509
101.3193557
97.36867165
92.82986597
89.45845115
84.84615398
82.22415608
79.8039989
77.0385374
75.01523926
73.68446456
73.49967771
74.36243185
74.23260238
75.45279567
77.07547683
79.79267312
81.65807865
84.83363305
89.2207541
93.03002711
97.06449061
101.7623647
107.1227892
111.2879569
117.5047326
122.668276
128.0657124
133.205702
137.9441102
142.5171288
146.9988191
150.8018983
154.6814389
158.3426427
161.4281729
164.7361537
166.670952
167.0357405
167.526103
168.4222559
166.3765162
166.312706
165.4102609
163.3857144
159.2766972
156.7104573
152.3208646
147.8500136
143.5440581
139.3347761
134.0134176
128.3774832
123.7161678
117.8948507
112.6135874
108.3334955
102.6941412
97.44296235
94.28736118
89.16101094
84.6995379
81.67604879
77.11376779
74.31175899
72.2226974
70.46632369
69.08456999
68.9122734
67.79788129
68.61437749
69.35091511
71.78271987
74.35628321
77.63802179
80.6354955
84.99815066
88.88274149
94.50084926
99.93012756
105.6974029
111.6580958
117.4538559
123.0896425
129.687163
135.8269528
141.9721057
147.9750506
152.9991324
158.6860249
163.2273607
167.8347253
171.0344598
173.6181581
175.8857822
177.8480667
178.9118561
179.4525537
179.1415136
178.0139005
176.2942708
172.5522375
169.7462597
165.5706563
161.1501044
155.881466
151.3680972
144.7965102
138.302586
131.3118378
123.7587809
117.664963
111.7729705
104.4872905
97.62594618
91.19377831
84.94453659
78.77221319
73.55367539
69.08422227
65.11210115
61.69898848
58.45324238
55.38969193
53.42484154
52.86540385
53.66305005
54.65529497
55.35376579
57.23710641
61.15043499
64.09726979
68.84835877
73.98897452
78.24507535
85.17722512
91.69477645
98.70767026
105.266161
111.9576985
118.9145029
126.1655801
134.3271985
141.8723792
149.2639773
155.3839377
161.284451
167.100873
172.6829926
177.6473534
181.5862841
184.5930211
186.4378518
187.8874269
188.7428395
188.8986017
187.4925471
185.7976188
183.4999932
180.4048879
176.0415491
171.3421205
165.7026311
159.6495653
152.6368487
147.4042373
137.486008
130.5592447
122.3660092
115.1717934
107.3979184
99.53716602
92.51568645
84.58768786
79.12734735
72.3915193
65.74302626
60.79078838
55.93082905
52.75539784
48.54832539
46.76418809
44.73601098
44.04898059
43.39189046
44.5645692
46.56784765
49.15164357
53.03006574
57.83005132
62.7471159
68.82643173
73.77003042
80.8648229
88.05198164
95.08445977
102.515361
110.1277679
118.6710873
126.377816
134.7717561
142.3459032
150.5588726
157.444389
163.3336864
170.398185
176.3209476
182.6612031
185.4611904
189.0268482
191.6605896
194.2038134
194.6529467
195.672301
195.0966242
192.8901784
190.0773239
186.8275103
182.2763646
177.9540084
173.0893997
166.7903235
159.7115673
151.3246202
143.3734433
135.9943196
127.6430915
119.382278
110.1502485
101.7406241
93.0283912
85.82815515
76.72354886
70.49734649
64.05563107
58.61702752
53.15695843
47.99583043
43.06414876
41.04662015
39.32199153
37.43621133
37.66694595
38.27683627
40.0393516
42.43428321
45.42113538
49.70039929
54.18589262
59.74121547
66.02413973
73.06210291
80.61434603
86.5492918
94.444057
102.585459
110.6040067
119.2263037
128.5865503
136.4712855
144.5562189
153.1577043
159.9061266
166.9472486
174.1703442
180.2362919
186.0621773
190.433833
194.2500873
197.0342662
197.9229774
199.1821703
199.869296
200.3323951
197.487625
195.6396229
192.2578485
186.9871288
182.6636614
176.2699536
169.3156807
162.0283414
154.0617639
145.9375533
137.1524915
128.2572084
118.3318665
109.627405
101.0891874
92.25288371
83.82994651
74.68825819
67.45941231
60.0522722
52.70193928
48.56980878
44.81569124
40.75816443
36.67739794
33.3661389
32.46215751
31.45919915
32.64807892
34.22679968
36.44806259
39.68271285
44.38700855
48.42546956
54.27212871
61.01042282
67.33505451
74.98478317
83.18914578
91.51754822
100.107272
109.4724982
118.4753873
127.7452706
136.9081772
145.8923058
154.5452978
162.5871579
169.5185372
177.2485603
183.8333089
189.3914196
194.0785754
198.0065729
202.0871812
203.4649531
205.4668887
204.7727478
203.9035708
202.9041389
199.8507263
196.660808
191.6544572
187.0799298
180.4649452
173.2512503
165.0817214
157.2955959
149.0345641
140.0002944
131.2556418
119.8255867
110.2641349
101.1642666
92.05955321
82.86961602
74.57517187
66.40953784
58.92098234
51.55065825
44.24911934
39.5777778
36.45478832
33.02576716
29.83256714
26.92863717
25.70090015
25.77006249
27.17004264
30.45418729
34.61063591
37.88507088
42.01615102
47.90080785
54.63177186
61.36787814
70.39019391
78.92093802
88.43607637
97.32870716
107.1800884
117.0725763
126.1794432
136.116808
145.871446
154.4880273
164.5187627
172.7334239
180.7349863
188.4990086
194.31107
200.957242
204.8088331
208.4274805
210.8905676
213.4498361
214.1690964
213.8155325
212.1611241
210.694854
207.2080747
203.2665336
197.5033453
191.7881423
183.0749876
175.667307
166.9199803
158.4464775
149.398982
139.2717723
129.250351
118.895488
108.9644145
97.64023629
88.83834518
79.87228297
70.80658259
63.22441955
54.6448407
47.52491886
40.52172058
35.63149547
31.12789278
29.1502636
28.82938255
26.4042928
24.27012937
24.92251288
26.3119117
28.45709933
32.63342011
36.46524921
40.78480089
47.50744507
53.67181881
62.41481187
70.78377301
79.82317346
90.09975425
99.5392172
109.0276739
119.7232997
130.5419693
139.9356483
150.4227997
160.6522524