74.28123758
74.07844768
73.59168513
72.28150349
73.78086712
73.68092734
73.04369535
73.78474543
73.83801037
73.75691181
74.09098334
74.42880706
74.17233928
73.95887859
73.35544832
72.23909089
72.73426169
73.27411167
73.25640216
72.28757832
71.91805169
73.26759926
72.72407541
73.18681122
72.76436072
72.04770153
72.52944119
72.23782988
72.78564571
73.07536483
72.23060765
72.08004788
72.77431679
73.70146548
73.76854747
72.6445193
72.52886855
72.78621787
73.58107026
72.80784462
73.33888568
72.78015295
72.40160208
72.99624225
73.2554881
73.31409721
73.48312266
73.28256618
73.08291015
74.186808
73.96674484
73.18669693
73.00882088
72.79766079
72.85601305
73.09079825
73.89480131
73.32871922
71.6256164
73.43436585
73.40490257
74.12813159
73.32791959
73.32186524
72.44021148
73.0069913
73.21035275
73.07467888
72.48465778
72.44158621
71.50589533
71.94169115
71.95190374
72.27107283
72.98617897
72.14782629
73.35521987
74.20366838
78.25892436
82.16239884
87.70405268
94.65074671
99.96076958
109.0331143
116.9169161
124.366154
132.4083428
141.4560497
148.3929275
155.9859186
162.8347863
169.0999578
175.0595266
180.039604
182.3385436
185.0033288
186.9607308
188.0168289
186.721197
184.5345632
181.3094385
179.1161905
175.6244107
171.591598
166.7531748
162.9776032
157.6979679
153.2152137
147.2697289
141.0281832
136.7868934
132.2758456
128.4044309
123.6202041
119.4049807
114.6875802
110.8270769
106.7175236
104.166025
101.676475
100.696215
99.94685136
100.0825693
101.291679
102.2778182
104.358478
106.6729219
109.6857148
114.4178622
119.5487893
125.6813347
132.4748485
138.8349541
146.1372114
153.2284531
161.3363113
168.0853036
175.320838
181.7849408
187.3889107
192.9331957
196.3879959
200.4446181
202.1744817
202.1858021
201.3937227
198.8167331
195.3494935
190.7459465
184.7903998
177.2819999
170.6372525
162.8875449
153.4843308
143.8961506
135.6153204
127.8909732
118.5769399
110.5310581
103.2991902
97.01973984
91.35557743
86.73164137
83.50944087
82.21345512
81.14643763
81.93714199
84.4885628
87.35577084
93.30555923
97.72564575
103.0508241
110.1714501
117.9759451
124.5914007
132.9727149
140.4867844
147.9669638
156.2990436
163.1196915
170.2092617
176.2696458
181.2903803
185.8052948
188.7197253
191.7795572
192.67856
193.2494271
191.3012149
189.3443798
186.7349084
181.520302
177.7684801
173.4799434
167.6699249
161.8522836
156.3036921
150.6685325
144.3678285
139.4198537
133.3663375
128.9474704
124.8326933
120.2910964
115.9161784
112.1351616
109.966019
106.8404068
105.2331605
103.7182889
103.7265548
103.5130091
105.0065136
107.2431557
110.4990015
114.5348582
118.2506921
123.3603714
127.1088891
132.3770757
138.3773981
142.3055636
148.0486592
152.9947878
157.9086793
162.8646692
168.1418763
172.5298453
177.2462011
179.7061642
182.2570039
184.4089424
184.8871406
184.6994922
183.5706523
182.1298762
179.848851
176.3513179
172.3886065
169.1651492
164.694448
159.0637239
154.0672439
147.891175
142.1280802
136.820787
131.556585
127.093986
122.2405521
117.8419828
114.1241996
111.3293506
108.5404717
107.1154128
105.148403
105.3397645
105.3576555
106.6020035
108.6421809
111.3147726
115.0186125
118.4973682
123.4004705
127.7725451
132.7226515
137.5580408
142.6161977
147.8779039
152.2010402
156.0618533
159.9172674
163.9765007
168.0207065
170.2209798
172.653925
174.132152
176.6153027
176.2874989
177.4358591
177.4073444
176.1585236
175.1174151
171.6405049
169.3810733
166.6954441
162.01958
157.9834204
153.8450362
149.085236
143.797355
139.1406548
134.42036
128.3256834
123.0632191
118.1973125
112.8688084
108.1103467
104.0608749
101.0160397
98.61860141
96.45928207
96.40082341
97.39379714
98.9106262
101.4612767
104.6661563
109.296557
114.7292566
120.1960254
126.6753734
132.7735665
140.0366244
146.639799
154.5652491
162.2248985
168.235579
173.295306
178.7503696
183.6889267
187.3861483
189.9799869
191.5125913
193.1109827
192.4224794
190.2978579
188.2001332
184.163525
179.7296382
174.8775412
168.6769
162.4958503
156.5424087
150.0888992
144.8231959
139.0155686
133.2366389
128.3569313
122.5212592
118.4586899
113.8643099
109.5140794
105.8640122
103.1167907
100.531614
99.93347235
98.92780662
98.85249053
99.76265192
101.1651283
104.0075435
108.1413133
112.2106454
116.9252764
123.4862427
127.7703422
134.0423541
139.7618939
145.100104
151.6018239
158.1645862
164.7572638
170.8633532
176.5412289
181.151232
186.226021
190.0768127
192.0614282
194.3322146
194.6378299
194.4637787
191.9362338
189.1340241
183.9439983
178.6854654
173.1554349
166.6375065
159.9743118
152.8916532
144.784569
137.8419728
130.2226008
121.8261686
114.8932949
106.6014687
101.069797
95.85393836
92.68125491
88.89878476
85.85856067
84.68357684
85.34416587
86.81992158
89.11356297
93.18552731
97.61761015
103.1847927
110.2470901
117.8909385
125.2796247
132.37603
140.5339277
149.0960127
155.7536578
162.2491193
168.3669226
173.3262166
178.0404619
182.2597697
183.7510834
185.7641512
187.6485597
187.2799515
186.2465906
185.1300571
183.0442626
179.1605827
176.17176
172.4364743
167.6973922
163.542411
158.6055246
154.5804451
149.3572278
143.2221427
137.4375328
132.3043956
127.1185446
122.4113012
117.4788186
112.7254805
109.4376326
106.7642619
104.6543618
102.8207563
102.1489611
102.7175741
104.706149
106.23844
109.2717092
112.3592569
116.7793325
122.2071579
126.6143762
131.44829
137.0439464
141.8409731
147.2268959
152.2070419
156.6027299
161.7280674
165.1183763
168.9744039
171.036104
173.4358902
174.0207556
176.1321534
176.2435842
174.9901413
173.9611032
171.6599236
168.8401039
165.1419547
161.6853893
157.2749438
152.5728069
147.3188871
143.1048142
137.1173532
132.9535852
127.0590365
122.189565
118.9625672
115.650909
113.067988
110.9025574
110.615827
110.5641785
110.1770967
111.403408
113.1170598
115.0863541
117.0310973
119.2406665
122.6091976
125.1701132
130.0026676
133.8685188
140.3859374
143.4960547
147.1894553
150.3176845
154.4017056
157.1958448
159.2653473
160.6662777
162.8787862
164.3933255
164.5303999
165.6022608
165.8507611
165.1550308
164.760662
163.6894156
161.6817812
160.4305199
157.5398971
155.7928172
153.184494
150.9456098
147.318576
145.0948092
142.1247529
139.7007791
135.6673962
132.98275
131.9865501
128.9936926
128.3086961
125.6267017
123.8316934
123.1700672
121.5617455
122.4590141
120.7175031
121.695387
121.3408044
123.3402687
124.5963426
127.441124
129.3491665
131.4805177
134.4578528
138.38167
141.243117
144.5993156
148.3451417
151.6846265
154.0637284
158.1032699
159.7026953
161.7170371
162.8987766
163.0170672
164.2827137
164.3903388
165.2527395
164.1750846
162.2816882
159.7740837
156.9960211
155.8347656
152.1357446
148.0627586
146.2846595
142.4417582
139.4729601
135.2043966
132.302827
128.9860414
125.4751885
123.8022343
122.157223
119.7919143
119.2386599
118.8521749
118.4577388
118.9202074
120.3825726
121.6360512
122.6040373
124.9391844
126.6268698
129.3117578
132.4405503
135.1227633
138.2492361
140.6435078
143.4081494
146.3889356
149.9903972
152.1182562
153.9930046
155.4215529
157.8422983
158.7957284
160.9485205
161.1115417
161.515289
161.7255933
161.8848572
161.0924663
161.6624006
161.9693818
161.0060585
160.3564674
158.9716777
158.9320514
157.409076
156.5123509
153.5502092
150.8993291
149.7956591
147.1032666
144.1067109
141.7273036
138.2636157
137.8367615
134.683627
132.9294375
130.0828946
127.2484669
126.104035
124.3220885
124.5604868
122.1104467
123.1622776
122.3012281
122.8552867
124.6153742
127.2413309
128.3631178
130.1918121
132.180884
133.9136509
135.3850821
137.4778768
139.8236312
141.9243749
143.4088767
145.022341
145.9952528
146.5716394
146.9436371
146.3214939
145.6763287
145.0548378
144.8535154
145.8377169
146.5897947
145.9862244
146.6436375
146.2626623
148.1448651
148.3941714
150.1926789
151.0330953
151.2809352
151.323585
151.4099172
151.7133997
151.9309465
152.3039985
151.8564323
150.7175102
150.7256903
149.7212811
149.5811164
148.7084322
148.0993544
146.8628324
146.2793677
146.519766
144.9040815
142.7778364
142.5774232
142.6637032
142.9753185
141.7680715
140.7538097
141.0880051
140.5860649
140.0962705
139.4330784
137.9022137
136.7532078
135.7833346
135.6139637
134.4069918
134.331794
132.9469995
132.7965665
133.2393563
133.4686466
133.8150272
134.3474605
133.7731312
133.94635
133.2492853
134.5584213
134.9388124
133.8033257
134.3036984
133.5350028
132.8069165
134.8055864
136.7801147
138.9032856
138.9929668
140.2112893
141.0118488
140.7461096
142.5181684
142.0831609
140.8924062
140.0012313
140.0660833
139.5406424
139.0585842
138.451061
140.1161521
139.8302941
141.203482
143.6715418
146.1834911
149.0281393
151.1729615
153.3019924
154.994524
156.9964342
158.4569021
159.6068543
158.4817763
158.8088347
157.8499379
156.5018151
154.2924291
152.2517439
148.1114838
145.0358382
142.1600014
139.6737089
136.4313349
132.6356636
129.3328199
128.6241876
126.8171995
126.9762247
124.0199001
125.3484589
124.6252579
125.3375297
125.2370613
