57.82956302
59.88684876
59.15573804
58.68616922
59.08750049
59.08240894
58.12290848
57.74445641
60.94476207
57.2263268
56.4182369
59.18324412
59.73553762
59.94876354
60.18923293
60.86586848
61.55923601
60.66410868
60.34512461
60.21646881
59.88757302
59.5039294
58.73330175
58.46893425
60.98617768
61.55744062
58.52232503
58.334962
59.81972155
59.16664402
61.04234511
61.72266993
59.02990926
60.5901545
58.50761069
59.56330912
60.64378908
59.38777632
60.15849757
61.37901968
58.75188417
58.98564273
60.74716878
58.60900586
59.51638739
60.16042621
58.6375662
59.46001747
60.55827948
60.16753789
59.06276877
60.2076718
58.66004671
57.92207124
59.15973698
58.36320061
58.0036774
58.66952415
59.44586185
60.36860593
59.37276796
58.83772738
59.74592675
60.92795327
59.62460419
57.96611153
56.95428426
58.26264117
59.02760524
58.24279044
58.22269391
58.24997593
58.62517035
59.28850512
60.00607419
58.63039615
58.59502789
61.00226142
61.95491465
65.83743256
70.97794229
76.14527842
81.6434564
87.42311044
94.85573568
102.2864222
111.1316234
118.8382298
127.1905386
134.9373507
142.8313664
151.7235427
159.2505924
166.5169969
173.4626919
178.7794889
184.9131424
189.353072
192.1143664
195.5668114
198.1971327
197.7290386
197.8594888
196.6595829
192.9603751
190.6852226
185.6858544
181.5578013
175.6645362
169.3581449
162.4769907
155.6848433
147.5271229
139.7255584
132.3439257
#NUM!
116.6658659
107.1996504
101.5862694
92.66183009
84.96846431
79.91264233
73.95944861
69.38866195
66.2780928
63.41575874
60.42218091
62.48572332
63.93469298
65.91983158
68.16707966
71.65777886
77.23008388
80.5219019
83.54989187
88.74778245
93.74710158
101.3533848
107.8794508
112.3471392
123.4169939
131.5084548
138.3813575
141.6302683
146.9691538
154.9893562
158.9795203
166.9368558
172.2289738
176.9796986
181.4505278
183.9207548
188.5403299
191.5247543
194.6396685
196.0355226
195.1905836
194.8213734
192.9585359
190.9993628
187.8337213
184.4914615
179.0099749
173.6898303
167.55923
162.6615621
155.1262991
148.7946593
140.9761625
134.6793458
128.1874716
121.1909927
114.6802628
106.4480592
100.1077035
94.97913111
89.27961201
85.35224569
79.26268307
75.27831855
72.30488519
71.14712941
69.50360721
67.61891207
68.57292187
71.13159593
70.58566796
73.8040222
78.04629047
80.28352987
84.95506051
91.67214771
96.34333568
101.7250179
109.2035609
115.9388462
121.2224115
129.3973667
133.6282105
140.3588774
147.4880284
154.6059782
159.3109529
165.2803321
169.4841975
172.5609684
175.2976431
178.2273093
180.2728815
179.356907
179.5688025
177.4164732
176.1299986
173.2475533
169.6111703
164.8443797
160.6286362
155.3517989
149.5942734
143.5639033
137.9509886
132.1907151
124.9304594
118.2226813
112.992995
107.5928285
101.9280887
95.6604627
91.50081742
86.92583667
82.73358821
78.96476865
75.26446548
73.85910858
72.55910228
70.76775913
70.94489898
70.55119587
74.0378744
75.62014989
80.0248419
83.38228482
88.83219093
94.12028313
99.48264563
105.529796
111.9748189
117.1121492
123.2937471
128.2424224
133.4646755
140.2211774
146.2917152
151.023881
155.5005016
160.630905
163.6663404
167.4805271
169.2362002
170.5694192
172.3171117
170.7198839
172.1072409
168.988286
168.1125615
165.6948075
163.526546
159.0685737
155.840035
150.9446779
146.3318697
141.1776824
134.7475315
131.0451762
125.0423032
118.9108056
113.06119
107.9477006
103.2947864
98.73015183
94.84877697
91.56937769
88.55649325
85.391868
84.06764847
83.85071303
83.85126827
83.05277374
84.65586534
86.81131497
87.50520607
89.81496027
93.20024644
96.24646263
99.98342657
103.1236664
105.9812397
111.4632029
116.6186552
121.7498723
127.1635675
132.1855904
138.6811985
144.1696565
149.5529373
154.4862699
158.3517258
161.9508279
164.3012523
164.9268594
166.4375464
168.1801395
167.8898625
166.9667994
164.9787556
163.359649
160.9736806
157.4470736
154.6840231
150.3659449
146.764182
142.8246103
136.7208772
132.7315382
127.2366086
123.2280667
117.4144011
113.2300642
109.9027182
104.6804167
100.0476174
96.36014866
92.79789926
92.99905299
90.22614678
88.74085771
87.6024911
87.29536679
87.54883795
88.30980057
88.25369238
89.43572911
89.21789889
90.76492911
92.81295548
95.27876537
97.58134176
102.8642821
105.8580165
110.7671353
115.085612
120.726363
125.7835555
130.4042828
134.717668
138.8365166
144.6163464
148.3855679
152.1524049
155.2906205
157.5276103
160.3259383
160.7311435
162.0188585
162.1084295
162.7021641
161.0191539
159.0207969
156.9242459
154.651565
150.2682838
146.3241916
142.7494596
138.0795894
133.6308227
130.0313655
125.5154326
120.4036734
115.099393
110.0188729
106.1193221
102.2855618
99.4984084
95.91646329
92.94386263
91.10547449
88.73195432
86.73925617
86.71045173
85.45306567
84.61917271
85.91527554
86.35781673
86.22382705
88.29098851
90.93670595
92.84033933
96.80092618
99.1336143
103.89765
108.2119985
111.5996959
116.9223132
120.5418742
124.184519
128.9753506
132.7018459
137.9907996
142.4948818
145.7667284
149.5161589
154.5289645
156.9863135
158.5190356
161.8210497
162.7274112
163.6416168
162.7560587
162.5948869
161.9179458
159.6003547
157.1289289
154.0320891
151.2365248
147.4069336
143.1645705
137.8025753
133.7526529
130.0844656
125.1634917
119.2634775
115.6426447
113.0942236
109.4068175
104.5283645
101.6362175
99.5692285
96.61988052
94.15870973
91.61792247
89.33209537
90.63669084
91.50541024
95.31711943
97.37127088
98.3726289
102.342346
106.4622887
109.5275129
112.6340968
116.4044875
120.0342499
123.290379
127.3056582
131.0781451
133.7784596
136.6399439
140.7198874
143.5852029
146.3452544
147.1242178
149.8410305
150.3828254
150.493219
149.4746142
149.2467773
149.4147303
149.2960974
148.4145914
147.0000638
144.4558986
141.9497482
139.5132574
137.243201
134.4407253
130.7607757
127.3661
124.1113109
121.6132857
118.8265032
115.4788297
113.2835882
112.0807246
109.2749085
107.3646809
105.0241975
105.3009815
104.2898268
104.0879148
104.1000396
104.6079328
104.6033219
105.0657801
105.2231958
105.4171107
108.4928682
109.3851717
110.3050411
112.7447125
114.3505012
117.5241941
118.9468277
122.1695489
124.9874337
127.5297834
130.6381853
133.4022875
135.2678632
137.4071959
139.6701689
142.5956151
143.7791744
145.6278578
146.0231679
147.4715401
148.0534282
147.5906888
147.7373082
147.3298802
146.3906994
146.7464431
145.7317522
143.5053022
141.0332811
139.5435579
137.8361361
134.122266
130.9796548
129.4133981
125.8854534
122.8506539
119.1833199
117.8553057
115.1472011
111.64331
110.1647381
108.5754789
107.7596001
105.6508191
103.8203719
101.9210946
102.9197337
103.0048376
102.8505261
102.8866352
103.3978914
105.0482042
105.361405
108.5695022
110.2224812
110.9286388
113.9676794
116.276263
118.5993416
121.1695895
124.0606098
125.9581428
128.3135197
130.3339164
132.6193528
134.5545574
135.959679
136.8088983
138.056246
139.7099413
140.5056211
141.5515339
141.9820884
141.4356625
142.2968302
142.8857265
142.4862532
141.7406156
142.4636939
142.0517583
142.3133613
140.2717623
139.6575707
138.7213055
137.2512291
137.0963951
135.5536414
134.0865412
132.6174708
131.5443433
130.2835479
127.3712417
126.3226861
125.0760437
122.6394217
121.3342683
120.1503337
119.4730861
115.3606679
114.2195855
112.7327058
111.0957557
110.018127
108.3944512
108.354206
106.7464011
107.1023702
107.4000558
#NUM!
108.7007677
108.2958097
109.0849556
110.3459455
110.8346358
113.210523
114.4861734
116.1409278
117.8435689
120.2923625
122.733038
124.5282051
126.670964
128.6782828
130.1454184
132.2292022
133.021113
134.8483953
136.5893586
138.2178715
138.8309958
139.6761036
141.1040267
141.6113391
140.6889821
141.0596029
140.8526596
138.8334958
137.988611
137.4814212
135.7746734
133.4648846
131.7066158
131.0621317
128.3708772
126.9251078
125.3235529
124.2435242
122.4754446
121.6454313
120.0411097
119.5088795
118.3325007
117.3450079
117.073846
116.4601773
115.7329123
115.1639494
116.0305714
115.3120216
115.4287053
115.4375011
116.4283096
118.4919787
118.5737698
120.8181221
123.3999443
123.5170771
126.690386
128.2697921
129.1713357
130.2715053
130.3247015
131.0919605
132.7910257
133.9735117
135.8996822
136.550871
136.9238194
137.6601949
138.0530154
138.3532252
137.5985904
138.3644782
138.9879672
138.0785472
137.5432383
137.457757
137.0570848
136.501639
135.4317377
134.7612101
133.2025665
131.4873189
129.793072
129.8358106
128.0020494
126.6488121
126.4913238
124.718098
123.4358325
121.8509323
121.0734286
119.2691802
116.8014529
114.637948
114.0988397
113.0273055
112.0415961
111.8833649
112.0287302
111.9634408
111.0085818
111.5916112
111.0173102
111.3199867
111.3407363
112.305045
112.7077357
114.2828176
116.3448772
118.1986867
119.3174409
120.191699
121.0162768
123.0863791
125.3863949
124.7924284
127.544472
129.4003005