124.5822528
123.6656614
124.1637982
124.6820352
124.1493881
123.5220232
121.3202473
121.2953674
119.8038422
119.0102069
118.8768952
117.8701088
117.4129202
117.0423137
116.5418011
115.6458233
114.5601013
114.450109
114.8504587
115.3773067
114.3453031
113.4714305
112.4430136
110.9674934
111.1511
110.9192708
108.8043792
108.3180157
108.5293716
107.9141638
108.5308658
108.0533225
108.9374239
110.1265959
110.3962214
110.8982991
110.2584889
110.1622877
109.2975167
109.1863897
108.4564702
106.753353
106.4110399
106.0818601
104.724054
104.4824644
103.4057311
104.0444574
104.2627937
103.9024796
102.9919436
102.291262
101.3217249
100.7221898
101.5184465
100.8299593
99.781646
100.1308951
100.2922448
100.4061169
99.25760957
98.47470476
98.93472189
99.47595175
100.1095372
99.57905207
98.92045908
99.00300646
99.01456662
98.87161749
98.53460232
98.87086107
99.66368018
100.1167645
100.5414243
99.84143084
98.73080032
98.54508926
98.93450579
99.48296953
99.23557719
98.56811671
98.55557604
98.13781773
99.00646372
98.50865456
98.28827498
97.9129887
98.54908939
97.51724472
97.33065671
97.49179907
96.51220481
97.47349926
98.89765956
102.1451962
106.2007693
110.9020251
115.3943692
121.1648449
126.5418271
131.7611212
136.6756134
141.5113854
146.3684958
151.2754487
155.1935792
158.69263
161.2029984
164.4700509
165.6844103
166.5519874
166.7990704
167.2452295
166.332158
165.8255414
164.0775454
161.6529164
159.278864
157.5435108
155.3715369
152.5362848
149.5971741
146.4407085
143.2954044
140.0562984
138.1171048
135.4219266
133.4253829
130.5714944
128.9724159
126.6974198
124.0258962
122.2907996
119.7534906
118.716943
117.724713
116.1106392
116.4855861
116.089246
114.9410065
113.6517005
114.5857681
113.9208779
114.8011525
116.9910982
120.7304765
124.4911907
126.078933
130.3302514
134.6849845
138.4875266
143.3171226
147.6475128
152.7462018
156.3606102
159.275459
161.9372215
165.2476946
168.1084471
170.9075438
172.6128395
173.6076844
173.4201787
172.3617962
170.6459885
167.4683872
165.0376525
160.8008545
157.4355092
152.9504105
147.8640107
142.5927044
138.9246387
133.8048928
128.8263003
124.6711005
120.6426135
117.8574205
115.2763039
113.0154085
111.2183603
109.4270767
108.1628825
109.1162083
110.1031557
111.3596765
113.7958509
116.009918
118.162958
120.5007321
122.885926
126.0508896
130.0732592
133.915009
139.4051711
143.0550332
147.3620293
151.9018656
155.2306806
158.4983934
161.8285747
163.8845172
165.47337
165.9277569
166.1801409
164.7068053
163.7249552
163.0318016
161.8747553
161.2614589
160.4929162
159.5885936
158.6833416
158.0563011
156.8909911
155.1975064
154.3892998
153.1887348
152.4164714
151.7600778
150.8836949
150.0559621
148.7456388
148.6035455
147.5411221
146.5884461
146.4084413
146.0646768
145.0089476
145.3407453
145.1119395
144.2080876
143.5274337
141.2753654
140.8117676
139.1973104
137.3610121
135.9094905
133.6809769
132.686895
131.7034772
130.5142237
129.7635314
128.4333702
129.1650478
128.0254383
128.3980348
129.2957252
130.8847169
133.3989433
135.8262224
137.8808482
140.05151
142.6172372
144.7752237
147.4750659
149.0894845
149.7653074
150.2064537
151.4862057
151.4699545
150.5125839
150.2133928
148.3558184
147.3687702
146.3689108
145.8511048
145.7205431
144.713128
144.8926602
145.2883216
145.7109945
146.9469564
146.9485123
147.4324446
147.2434899
146.1681338
145.4223367
144.5175868
144.9552693
143.8258202
142.2049189
142.16624
140.6194694
138.8270375
136.4947547
134.213977
131.0825409
128.5097002
125.4493391
123.0461647
119.8755131
117.9593461
116.7507553
115.1674474
114.5409039
114.5559649
115.7474264
116.6727462
118.9135522
121.1111769
123.1148021
126.8885795
129.4718643
132.8789458
136.165008
140.0966868
143.7920566
146.1518426
149.740342
153.2382792
156.031583
158.9533093
160.9741962
162.9729664
163.7997413
163.897393
163.9819599
163.1734751
160.9589351
159.5126606
157.4290042
156.220327
153.99621
151.3454272
150.074813
147.2868411
145.3536175
143.8929302
142.2931913
141.4088259
139.1059731
138.2943544
136.5796585
135.7648643
134.1515138
134.4985822
133.9080095
133.0967908
132.5927951
132.1774326
132.3452851
131.5858809
131.5349266
130.528463
129.8436668
130.2071018
129.1021675
129.2166076
128.7030233
129.182549
130.132851
130.5954699
131.6407045
132.3370237
133.0301025
134.1134915
134.4681919
135.2315372
135.0242132
135.9020821
136.9381058
136.6891718
137.019442
138.2256866
137.9182637
138.5503499
139.3880932
140.1237507
140.9600358
141.9536998
142.3795881
143.3312549
143.3486084
144.5964079
143.0395478
143.4330875
143.1046063
141.1385661
139.2804159
137.3192057
135.8435442
134.293776
133.4905915
132.0794318
131.5742672
130.4911891
129.8367533
129.7134576
129.6933438
130.4990418
130.8412758
131.6361011
133.9140688
134.3777486
136.581223
138.2524663
139.2183475
141.2128447
142.7745102
144.7918376
146.2877723
147.3771703
148.8196355
148.5526549
148.6054111
148.539077
147.5664241
145.378012
144.6733567
142.2242581
139.6999462
137.5788891
134.9540554
133.5648884
131.4826104
129.9592007
128.9424393
127.6660667
127.2912819
127.2034467
127.6807539
128.0182014
128.5837197
131.3937734
132.368187
134.4793664
136.1309969
137.9732912
140.4848071
142.3313478
143.5489415
145.017046
145.1891799
146.5423829
147.3688739
146.8911507
147.5073165
147.7993125
147.0499544
147.8390233
147.6021989
148.3355015
148.5124392
148.0396397
149.4753394
148.8901063
148.9405743
148.6117335
148.0459638
147.2224363
145.7677663
144.0550857
142.5395835
140.8658739
139.836957
138.594627
137.4791277
137.0687633
136.2476333
137.1491549
137.9255591
138.9320341
139.7210815
140.2949726
141.6276681
143.9840339
145.0002263
146.5490227
147.8096809
148.5963939
149.3391997
150.1029854
151.6221108
151.4701615
152.6323999
152.5166267
152.6998541
152.9229975
151.6016169
150.7979638
150.1133428
149.1616044
148.5580446
147.30219
145.6578538
144.4292079
144.0368036
141.9914472
140.3553388
138.8362041
137.5694031
136.9328918
136.7951323
136.1832652
135.4993703
135.5647042
135.7005819
136.06652
135.2966729
135.7966915
136.3110601
137.6262137
139.5592807
140.5853365
142.2693821
144.6706568
147.0017234
149.0037873
150.3084672
152.9168941
153.2138691
153.9691193
154.4499841
153.9872143
153.9510243
152.8354806
152.2218392
149.8703453
148.3250319
146.1752937
144.2813124
142.6388591
140.4102911
138.7989123
137.5379219
136.4600202
136.1774229
135.3101381
136.6983498
137.7092893
139.7858394
141.4118425
144.2835974
146.9778667
149.7005626
152.2039375
152.0069071
153.1649448
153.3066467
152.8323771
153.2304183
153.2059048
152.493968
152.1983497
153.114261
152.9449279
152.1221885
152.5302839
152.3389723
152.3919493
151.8639874
151.9943852
152.071275
150.9672485
150.298525
149.4977177
148.9392271
148.0493849
145.8173755
143.7241121
140.4204904
138.2996685
136.2399134
135.0622142
133.0645968
131.4357336
130.3488905
129.1199839
129.1509
128.5798405
130.4456425
132.5681191
134.222542
136.7552936
139.062542
141.3829251
144.2250179
147.615057
150.0808203
152.4865185
154.7823252
157.8076102
159.3320014
160.5641804
161.8059995
162.5956083
163.4275422
162.4292743
160.9703809
159.0390616
157.7843813
155.85264
153.9744961
152.1346063
149.9965084
147.5301302
145.5132668
143.5403176
140.8852269
139.1007656
138.3803155
136.9952501
136.7585266
136.9995255
137.5500141
137.7254454
137.681042
139.5264814
139.3154065
139.5257525
139.464838
139.06525
138.4182413
138.3955276
136.5866467
136.9586488
135.6918159
134.5501713
133.6298823
132.1600711
130.1381922
128.8614155
126.068745
123.8195942
123.2588022
121.2733335
120.9452022
121.1283636
121.9433438
124.120357
126.1862696
128.7585831
132.6764398
136.7054418
140.8634808
145.6940768
149.3410647
152.7018197
156.7382405